1 : 0.0001 : 1e-05
0.0389, 0.0311, 0.0972, 0.1589, 0.0771, 0.0966
0.0398, 0.0317, 0.0974, 0.1498, 0.0786, 0.0955
0.0416, 0.0321, 0.1081, 0.1629, 0.0906, 0.1075


1 : 0.0001 : 0.0001
0.0389, 0.0311, 0.0972, 0.1589, 0.0771, 0.0966
0.0398, 0.0317, 0.0974, 0.1498, 0.0786, 0.0955
0.0416, 0.0321, 0.1081, 0.1629, 0.0906, 0.1075


1 : 0.0001 : 0.001
0.0389, 0.0311, 0.0972, 0.1589, 0.0771, 0.0966
0.0398, 0.0317, 0.0974, 0.1498, 0.0786, 0.0955
0.0416, 0.0321, 0.1081, 0.1629, 0.0906, 0.1075


1 : 0.0001 : 0.01
0.0389, 0.0311, 0.0972, 0.1589, 0.0771, 0.0965
0.0398, 0.0317, 0.0974, 0.1498, 0.0787, 0.0955
0.0416, 0.0321, 0.1081, 0.1629, 0.0906, 0.1075


1 : 0.0005 : 1e-05
0.0426, 0.0323, 0.1156, 0.1637, 0.0858, 0.1014
0.0405, 0.033, 0.1047, 0.1607, 0.0827, 0.1012
0.0455, 0.0338, 0.1227, 0.1777, 0.0992, 0.1162


1 : 0.0005 : 0.0001
0.0426, 0.0323, 0.1156, 0.1637, 0.0858, 0.1014
0.0405, 0.033, 0.1047, 0.1607, 0.0827, 0.1012
0.0455, 0.0338, 0.1227, 0.1777, 0.0992, 0.1162


1 : 0.0005 : 0.001
0.0426, 0.0323, 0.1156, 0.1637, 0.0858, 0.1014
0.0405, 0.033, 0.1047, 0.1608, 0.0827, 0.1012
0.0454, 0.0338, 0.1221, 0.1777, 0.0989, 0.1162


1 : 0.0005 : 0.01
0.0427, 0.0323, 0.1156, 0.1637, 0.0859, 0.1014
0.0406, 0.033, 0.1048, 0.1605, 0.0828, 0.1011
0.0456, 0.0338, 0.1227, 0.1777, 0.099, 0.116


1 : 0.001 : 1e-05
0.0422, 0.0326, 0.1131, 0.1668, 0.0866, 0.104
0.0429, 0.0342, 0.1115, 0.1702, 0.086, 0.1051
0.0451, 0.0338, 0.1217, 0.1807, 0.0984, 0.1167


1 : 0.001 : 0.0001
0.0422, 0.0326, 0.1131, 0.1668, 0.0866, 0.104
0.0429, 0.0342, 0.1115, 0.1702, 0.086, 0.1051
0.0451, 0.0338, 0.1217, 0.1807, 0.0984, 0.1167


1 : 0.001 : 0.001
0.0422, 0.0326, 0.1131, 0.1669, 0.0866, 0.104
0.0429, 0.0342, 0.1115, 0.1702, 0.086, 0.1051
0.045, 0.0338, 0.1214, 0.1807, 0.0983, 0.1167


1 : 0.001 : 0.01
0.0422, 0.0326, 0.1131, 0.1669, 0.0865, 0.104
0.0426, 0.0342, 0.111, 0.1703, 0.0858, 0.1051
0.0452, 0.0338, 0.1221, 0.1808, 0.0983, 0.1165


1 : 0.005 : 1e-05
0.0425, 0.0333, 0.1149, 0.1735, 0.0883, 0.1072
0.0427, 0.0342, 0.1117, 0.1707, 0.0879, 0.1072
0.0445, 0.0338, 0.1202, 0.1769, 0.0976, 0.1155


1 : 0.005 : 0.0001
0.0425, 0.0333, 0.1149, 0.1735, 0.0883, 0.1072
0.0427, 0.0342, 0.1117, 0.1707, 0.0879, 0.1072
0.0445, 0.0338, 0.1202, 0.1769, 0.0976, 0.1155


1 : 0.005 : 0.001
0.0425, 0.0333, 0.1149, 0.1735, 0.0882, 0.1071
0.0427, 0.0342, 0.1122, 0.1707, 0.0881, 0.1072
0.0445, 0.0337, 0.1202, 0.1767, 0.0976, 0.1154


1 : 0.005 : 0.01
0.0417, 0.0333, 0.1128, 0.1736, 0.087, 0.1069
0.0427, 0.0343, 0.1118, 0.1705, 0.0874, 0.1066
0.0441, 0.0337, 0.1194, 0.1771, 0.0972, 0.1155


1 : 0.01 : 1e-05
0.0421, 0.0334, 0.1138, 0.1729, 0.0887, 0.108
0.0421, 0.0348, 0.1104, 0.1728, 0.0864, 0.1072
0.0454, 0.0335, 0.1214, 0.1755, 0.0976, 0.1143


1 : 0.01 : 0.0001
0.042, 0.0333, 0.1137, 0.1723, 0.0886, 0.1078
0.0421, 0.0347, 0.1104, 0.1727, 0.0863, 0.1071
0.0452, 0.0335, 0.1212, 0.1755, 0.0975, 0.1143


1 : 0.01 : 0.001
0.0419, 0.0333, 0.1131, 0.1723, 0.0884, 0.1078
0.0421, 0.0346, 0.1104, 0.1724, 0.0862, 0.1069
0.045, 0.0334, 0.1211, 0.1754, 0.0972, 0.1141


1 : 0.01 : 0.01
0.0414, 0.0333, 0.112, 0.173, 0.0872, 0.1074
0.0429, 0.0348, 0.1113, 0.1729, 0.0872, 0.1075
0.0445, 0.0333, 0.1208, 0.175, 0.0974, 0.1145


2 : 0.0001 : 1e-05
0.0412, 0.0332, 0.1092, 0.1656, 0.0849, 0.1036
0.0407, 0.0317, 0.1085, 0.1575, 0.083, 0.0988
0.045, 0.0327, 0.1199, 0.1713, 0.0968, 0.1124


2 : 0.0001 : 0.0001
0.0412, 0.0332, 0.1092, 0.1656, 0.0849, 0.1036
0.0407, 0.0317, 0.1085, 0.1575, 0.083, 0.0988
0.045, 0.0327, 0.1199, 0.1713, 0.0968, 0.1124


2 : 0.0001 : 0.001
0.0412, 0.0332, 0.1092, 0.1656, 0.0849, 0.1036
0.0407, 0.0317, 0.1085, 0.1575, 0.083, 0.0988
0.045, 0.0327, 0.1199, 0.1713, 0.0968, 0.1124


2 : 0.0001 : 0.01
0.0412, 0.0331, 0.1092, 0.1655, 0.085, 0.1037
0.0407, 0.0317, 0.1085, 0.1575, 0.0829, 0.0988
0.045, 0.0326, 0.1199, 0.1712, 0.0968, 0.1123


2 : 0.0005 : 1e-05
0.041, 0.0338, 0.1065, 0.1719, 0.0829, 0.1046
0.0432, 0.0326, 0.1133, 0.1608, 0.0872, 0.1025
0.0449, 0.0328, 0.1207, 0.1727, 0.0964, 0.1123


2 : 0.0005 : 0.0001
0.041, 0.0338, 0.1065, 0.1718, 0.0829, 0.1045
0.0432, 0.0326, 0.1133, 0.1608, 0.0872, 0.1025
0.0449, 0.0328, 0.1207, 0.1727, 0.0964, 0.1123


2 : 0.0005 : 0.001
0.0409, 0.0338, 0.1062, 0.1718, 0.0828, 0.1045
0.0432, 0.0326, 0.1133, 0.1608, 0.0872, 0.1025
0.0449, 0.0328, 0.1207, 0.1727, 0.0964, 0.1123


2 : 0.0005 : 0.01
0.0406, 0.0338, 0.1059, 0.1722, 0.0827, 0.1047
0.0432, 0.0325, 0.1133, 0.1607, 0.0871, 0.1024
0.045, 0.0328, 0.1213, 0.1727, 0.0966, 0.1123


2 : 0.001 : 1e-05
0.0412, 0.0338, 0.1075, 0.1712, 0.0836, 0.1047
0.0431, 0.033, 0.1132, 0.1634, 0.0876, 0.1039
0.044, 0.0325, 0.1185, 0.1727, 0.0949, 0.1117


2 : 0.001 : 0.0001
0.0412, 0.0338, 0.1075, 0.1712, 0.0836, 0.1047
0.0431, 0.033, 0.1132, 0.1634, 0.0876, 0.1039
0.044, 0.0325, 0.1185, 0.1727, 0.0949, 0.1117


2 : 0.001 : 0.001
0.0412, 0.0338, 0.1075, 0.1712, 0.0836, 0.1047
0.0432, 0.033, 0.1132, 0.1634, 0.0877, 0.1039
0.044, 0.0325, 0.1185, 0.1727, 0.0949, 0.1117


2 : 0.001 : 0.01
0.0412, 0.0336, 0.1076, 0.171, 0.0836, 0.1046
0.0432, 0.033, 0.1131, 0.1626, 0.0877, 0.1037
0.0441, 0.0325, 0.1186, 0.1726, 0.095, 0.1117


2 : 0.005 : 1e-05
0.0417, 0.0331, 0.1094, 0.1698, 0.0842, 0.1038
0.043, 0.0338, 0.1139, 0.1659, 0.0881, 0.1052
0.0445, 0.0325, 0.1187, 0.1706, 0.0957, 0.1117


2 : 0.005 : 0.0001
0.0417, 0.0331, 0.1094, 0.1698, 0.0842, 0.1038
0.043, 0.0338, 0.1139, 0.1659, 0.088, 0.1051
0.0444, 0.0325, 0.1181, 0.1706, 0.0954, 0.1117


2 : 0.005 : 0.001
0.0416, 0.0332, 0.1093, 0.1699, 0.0841, 0.1038
0.0429, 0.0338, 0.1133, 0.1659, 0.088, 0.1054
0.0441, 0.0326, 0.1172, 0.1712, 0.0951, 0.1118


2 : 0.005 : 0.01
0.0412, 0.0335, 0.1086, 0.1724, 0.0839, 0.1047
0.0426, 0.0338, 0.113, 0.1658, 0.0878, 0.1054
0.0437, 0.0326, 0.1178, 0.171, 0.0946, 0.1111


2 : 0.01 : 1e-05
0.0411, 0.0328, 0.1083, 0.1673, 0.0842, 0.1036
0.0426, 0.0344, 0.1125, 0.1666, 0.0872, 0.1054
0.0439, 0.0326, 0.118, 0.1706, 0.0952, 0.1116


2 : 0.01 : 0.0001
0.0411, 0.0328, 0.1083, 0.1673, 0.0842, 0.1036
0.0426, 0.0343, 0.1125, 0.1666, 0.0872, 0.1053
0.0439, 0.0326, 0.118, 0.1706, 0.0951, 0.1116


2 : 0.01 : 0.001
0.041, 0.0329, 0.1082, 0.1679, 0.0839, 0.1035
0.0427, 0.0345, 0.1128, 0.1673, 0.0875, 0.1058
0.044, 0.0325, 0.1181, 0.17, 0.0952, 0.1113


2 : 0.01 : 0.01
0.0407, 0.0335, 0.1074, 0.1727, 0.0832, 0.1046
0.0431, 0.0343, 0.1144, 0.1685, 0.0886, 0.1064
0.0434, 0.0325, 0.1151, 0.1704, 0.0944, 0.1117


3 : 0.0001 : 1e-05
0.0407, 0.033, 0.1088, 0.1654, 0.0847, 0.1034
0.0393, 0.032, 0.1023, 0.1561, 0.0787, 0.0968
0.0435, 0.0328, 0.1199, 0.171, 0.0948, 0.1113


3 : 0.0001 : 0.0001
0.0407, 0.033, 0.1088, 0.1654, 0.0847, 0.1034
0.0393, 0.032, 0.1023, 0.1561, 0.0787, 0.0968
0.0435, 0.0328, 0.1199, 0.171, 0.0948, 0.1113


3 : 0.0001 : 0.001
0.0407, 0.033, 0.1088, 0.1654, 0.0847, 0.1034
0.0393, 0.032, 0.1023, 0.1561, 0.0787, 0.0968
0.0435, 0.0328, 0.1199, 0.171, 0.0948, 0.1113


3 : 0.0001 : 0.01
0.0407, 0.033, 0.1088, 0.1654, 0.0847, 0.1034
0.0393, 0.032, 0.1023, 0.1561, 0.0788, 0.0969
0.0435, 0.0328, 0.1199, 0.171, 0.0948, 0.1112


3 : 0.0005 : 1e-05
0.0422, 0.033, 0.112, 0.1689, 0.0864, 0.105
0.0429, 0.0337, 0.1125, 0.1663, 0.0864, 0.104
0.0444, 0.0329, 0.1223, 0.1744, 0.0985, 0.1149


3 : 0.0005 : 0.0001
0.0422, 0.033, 0.112, 0.1689, 0.0864, 0.105
0.0429, 0.0337, 0.1125, 0.1663, 0.0864, 0.104
0.0444, 0.0329, 0.1223, 0.1744, 0.0985, 0.1149


3 : 0.0005 : 0.001
0.0422, 0.033, 0.112, 0.1689, 0.0864, 0.105
0.0429, 0.0337, 0.1125, 0.1663, 0.0864, 0.104
0.0444, 0.0329, 0.1223, 0.1744, 0.0985, 0.1149


3 : 0.0005 : 0.01
0.0422, 0.0331, 0.1114, 0.1692, 0.0861, 0.105
0.0427, 0.0336, 0.1121, 0.1657, 0.0863, 0.1039
0.0441, 0.0329, 0.1213, 0.1744, 0.0981, 0.1148


3 : 0.001 : 1e-05
0.0424, 0.0331, 0.1134, 0.1711, 0.0869, 0.1059
0.0425, 0.034, 0.1103, 0.1688, 0.0853, 0.1046
0.0436, 0.0331, 0.1191, 0.1772, 0.0971, 0.1154


3 : 0.001 : 0.0001
0.0424, 0.0331, 0.1134, 0.1711, 0.0869, 0.1059
0.0425, 0.034, 0.1103, 0.1688, 0.0853, 0.1046
0.0436, 0.0331, 0.1191, 0.1772, 0.0971, 0.1154


3 : 0.001 : 0.001
0.0422, 0.0331, 0.113, 0.1711, 0.0867, 0.1058
0.0425, 0.034, 0.1103, 0.1688, 0.0854, 0.1047
0.0436, 0.0331, 0.1191, 0.1772, 0.0972, 0.1155


3 : 0.001 : 0.01
0.0424, 0.0331, 0.1132, 0.1711, 0.0868, 0.1059
0.0424, 0.034, 0.1108, 0.1688, 0.0855, 0.1046
0.0435, 0.0332, 0.1196, 0.1775, 0.0973, 0.1157


3 : 0.005 : 1e-05
0.042, 0.0331, 0.114, 0.1712, 0.0873, 0.1062
0.0426, 0.0346, 0.1116, 0.1732, 0.0864, 0.1068
0.0439, 0.0325, 0.1184, 0.1714, 0.0968, 0.1133


3 : 0.005 : 0.0001
0.042, 0.0331, 0.114, 0.1712, 0.0872, 0.1061
0.0426, 0.0346, 0.1116, 0.1732, 0.0864, 0.1068
0.0439, 0.0325, 0.1184, 0.1714, 0.0968, 0.1133


3 : 0.005 : 0.001
0.0419, 0.0331, 0.1134, 0.1712, 0.087, 0.1061
0.0425, 0.0345, 0.1115, 0.1725, 0.086, 0.1062
0.0439, 0.0325, 0.1184, 0.1712, 0.0968, 0.1133


3 : 0.005 : 0.01
0.0414, 0.033, 0.1121, 0.169, 0.0859, 0.105
0.0427, 0.0344, 0.1124, 0.1723, 0.0859, 0.1057
0.0442, 0.0325, 0.1192, 0.1706, 0.0977, 0.1137


3 : 0.01 : 1e-05
0.042, 0.0328, 0.1144, 0.1685, 0.0871, 0.1051
0.0425, 0.0347, 0.1113, 0.1744, 0.0862, 0.1069
0.0447, 0.0329, 0.1205, 0.1733, 0.0972, 0.1134


3 : 0.01 : 0.0001
0.042, 0.0328, 0.1144, 0.1685, 0.0871, 0.1051
0.0425, 0.0347, 0.1113, 0.1744, 0.0862, 0.1069
0.0447, 0.0329, 0.1205, 0.1733, 0.0972, 0.1134


3 : 0.01 : 0.001
0.0421, 0.0329, 0.1147, 0.1686, 0.0875, 0.1054
0.0424, 0.0346, 0.1113, 0.1743, 0.0861, 0.1068
0.0446, 0.0326, 0.1203, 0.172, 0.0977, 0.1136


3 : 0.01 : 0.01
0.0419, 0.0329, 0.1123, 0.1678, 0.0866, 0.1051
0.042, 0.0344, 0.1113, 0.1734, 0.0857, 0.1062
0.0446, 0.0326, 0.1209, 0.1705, 0.0976, 0.113


4 : 0.0001 : 1e-05
0.0416, 0.0323, 0.1104, 0.1628, 0.086, 0.1033
0.0412, 0.0321, 0.106, 0.1636, 0.0823, 0.1006
0.0429, 0.0321, 0.1146, 0.1667, 0.0937, 0.1099


4 : 0.0001 : 0.0001
0.0416, 0.0323, 0.1104, 0.1628, 0.086, 0.1033
0.0412, 0.0321, 0.106, 0.1636, 0.0823, 0.1006
0.0429, 0.0321, 0.1146, 0.1667, 0.0937, 0.1099


4 : 0.0001 : 0.001
0.0416, 0.0323, 0.1104, 0.1628, 0.086, 0.1033
0.0412, 0.0321, 0.106, 0.1636, 0.0823, 0.1006
0.0429, 0.0321, 0.1146, 0.1667, 0.0937, 0.1099


4 : 0.0001 : 0.01
0.0417, 0.0323, 0.111, 0.1628, 0.0865, 0.1036
0.0412, 0.0321, 0.106, 0.1636, 0.0823, 0.1006
0.0429, 0.0321, 0.1146, 0.1673, 0.0937, 0.1101


4 : 0.0005 : 1e-05
0.0406, 0.0339, 0.1061, 0.1734, 0.0835, 0.1059
0.0426, 0.0336, 0.1137, 0.1648, 0.0868, 0.1039
0.044, 0.033, 0.12, 0.1721, 0.0957, 0.1121


4 : 0.0005 : 0.0001
0.0406, 0.0339, 0.1061, 0.1734, 0.0835, 0.1059
0.0426, 0.0336, 0.1137, 0.1648, 0.0868, 0.1039
0.044, 0.033, 0.12, 0.1721, 0.0957, 0.1121


4 : 0.0005 : 0.001
0.0406, 0.0339, 0.1061, 0.1734, 0.0835, 0.1059
0.0426, 0.0336, 0.1137, 0.1648, 0.0868, 0.1039
0.044, 0.033, 0.12, 0.1721, 0.0957, 0.1121


4 : 0.0005 : 0.01
0.0407, 0.034, 0.1063, 0.1735, 0.0836, 0.1059
0.0425, 0.0336, 0.1128, 0.1648, 0.0864, 0.1038
0.044, 0.0331, 0.12, 0.1727, 0.096, 0.1126


4 : 0.001 : 1e-05
0.0405, 0.0331, 0.1068, 0.1689, 0.0837, 0.1046
0.0427, 0.0329, 0.1134, 0.1616, 0.087, 0.1029
0.0446, 0.0329, 0.1216, 0.1754, 0.0967, 0.1131


4 : 0.001 : 0.0001
0.0405, 0.0331, 0.1068, 0.1689, 0.0837, 0.1046
0.0427, 0.0329, 0.1134, 0.1616, 0.087, 0.1029
0.0446, 0.0329, 0.1216, 0.1754, 0.0967, 0.1131


4 : 0.001 : 0.001
0.0405, 0.0331, 0.1068, 0.1688, 0.0837, 0.1045
0.0427, 0.0329, 0.1134, 0.1616, 0.087, 0.1029
0.0446, 0.033, 0.1216, 0.1755, 0.0967, 0.1131


4 : 0.001 : 0.01
0.0404, 0.033, 0.1062, 0.1687, 0.0833, 0.1043
0.0429, 0.033, 0.1137, 0.1615, 0.0872, 0.1031
0.0447, 0.033, 0.1218, 0.1755, 0.0968, 0.1132


4 : 0.005 : 1e-05
0.0406, 0.0331, 0.1079, 0.1686, 0.0844, 0.1047
0.0426, 0.0332, 0.1132, 0.165, 0.0871, 0.1042
0.0445, 0.0324, 0.1213, 0.1703, 0.0973, 0.1123


4 : 0.005 : 0.0001
0.0406, 0.0331, 0.1079, 0.1686, 0.0844, 0.1047
0.0426, 0.0332, 0.1132, 0.165, 0.0871, 0.1042
0.0445, 0.0324, 0.1213, 0.1703, 0.0974, 0.1124


4 : 0.005 : 0.001
0.0405, 0.033, 0.1073, 0.1685, 0.0842, 0.1046
0.0427, 0.0332, 0.1138, 0.165, 0.0872, 0.1039
0.0444, 0.0323, 0.1211, 0.1703, 0.0973, 0.1124


4 : 0.005 : 0.01
0.0401, 0.0329, 0.107, 0.1681, 0.0839, 0.1044
0.0431, 0.0334, 0.1145, 0.1662, 0.0881, 0.1049
0.0455, 0.0323, 0.1231, 0.1701, 0.0986, 0.1126


4 : 0.01 : 1e-05
0.041, 0.0331, 0.1097, 0.1686, 0.0847, 0.1044
0.0424, 0.0338, 0.1134, 0.1666, 0.0875, 0.1051
0.0449, 0.0324, 0.1222, 0.171, 0.0979, 0.1128


4 : 0.01 : 0.0001
0.041, 0.0331, 0.1097, 0.1686, 0.0847, 0.1044
0.0424, 0.0338, 0.1134, 0.1666, 0.0875, 0.1051
0.0449, 0.0324, 0.1222, 0.171, 0.0979, 0.1127


4 : 0.01 : 0.001
0.0407, 0.0331, 0.1094, 0.1686, 0.0844, 0.1043
0.0425, 0.0338, 0.1131, 0.1672, 0.0875, 0.1053
0.045, 0.0323, 0.1223, 0.1708, 0.0982, 0.1129


4 : 0.01 : 0.01
0.0407, 0.0328, 0.1103, 0.1667, 0.0847, 0.1037
0.0427, 0.0334, 0.1151, 0.1674, 0.088, 0.1051
0.0446, 0.0328, 0.1209, 0.1712, 0.0969, 0.1124


5 : 0.0001 : 1e-05
0.0409, 0.0326, 0.1117, 0.1651, 0.0857, 0.1037
0.0415, 0.0321, 0.1072, 0.1627, 0.0815, 0.0991
0.0435, 0.0326, 0.1185, 0.1714, 0.0958, 0.1124


5 : 0.0001 : 0.0001
0.0409, 0.0326, 0.1117, 0.1651, 0.0857, 0.1037
0.0415, 0.0321, 0.1072, 0.1627, 0.0815, 0.0991
0.0435, 0.0326, 0.1185, 0.1714, 0.0958, 0.1124


5 : 0.0001 : 0.001
0.0409, 0.0326, 0.1117, 0.1651, 0.0857, 0.1037