1 : 0.0001 : 1e-05
0.0363, 0.0302, 0.0858, 0.1427, 0.0698, 0.0884
0.0356, 0.0287, 0.0915, 0.1384, 0.0724, 0.088
0.0366, 0.0291, 0.0946, 0.1427, 0.0747, 0.0902


1 : 0.0001 : 0.0001
0.0363, 0.0302, 0.0858, 0.1427, 0.0698, 0.0884
0.0356, 0.0287, 0.0915, 0.1384, 0.0724, 0.088
0.0366, 0.0291, 0.0946, 0.1427, 0.0747, 0.0902


1 : 0.0001 : 0.001
0.0363, 0.0302, 0.0858, 0.1427, 0.0698, 0.0884
0.0356, 0.0287, 0.0915, 0.1384, 0.0724, 0.088
0.0366, 0.0291, 0.0946, 0.1427, 0.0747, 0.0902


1 : 0.0001 : 0.01
0.0362, 0.0302, 0.0857, 0.1427, 0.0697, 0.0884
0.0355, 0.0287, 0.0913, 0.1384, 0.0723, 0.088
0.0366, 0.0291, 0.0946, 0.1427, 0.0747, 0.0902


1 : 0.0005 : 1e-05
0.0394, 0.0321, 0.1007, 0.1529, 0.0778, 0.0954
0.0382, 0.0304, 0.1003, 0.1495, 0.0775, 0.0941
0.0391, 0.0313, 0.0998, 0.1545, 0.0794, 0.0968


1 : 0.0005 : 0.0001
0.0394, 0.0321, 0.1007, 0.1529, 0.0778, 0.0954
0.0382, 0.0304, 0.1003, 0.1495, 0.0775, 0.0941
0.0391, 0.0313, 0.0998, 0.1545, 0.0794, 0.0968


1 : 0.0005 : 0.001
0.0394, 0.0321, 0.1007, 0.1529, 0.0778, 0.0954
0.0381, 0.0305, 0.1003, 0.1497, 0.0775, 0.0942
0.0391, 0.0314, 0.0998, 0.1551, 0.0794, 0.097


1 : 0.0005 : 0.01
0.0394, 0.0322, 0.1007, 0.1529, 0.0777, 0.0954
0.038, 0.0305, 0.1003, 0.1497, 0.0774, 0.0942
0.0391, 0.0314, 0.0998, 0.1551, 0.0795, 0.0971


1 : 0.001 : 1e-05
0.0394, 0.0322, 0.0989, 0.1548, 0.0772, 0.0961
0.0389, 0.0315, 0.1037, 0.1545, 0.0789, 0.0961
0.0385, 0.0318, 0.0994, 0.156, 0.0798, 0.0983


1 : 0.001 : 0.0001
0.0394, 0.0322, 0.0989, 0.1548, 0.0772, 0.0961
0.0389, 0.0315, 0.1037, 0.1545, 0.0789, 0.0961
0.0385, 0.0318, 0.0994, 0.156, 0.0798, 0.0983


1 : 0.001 : 0.001
0.0394, 0.0322, 0.0989, 0.155, 0.0772, 0.0962
0.0389, 0.0315, 0.1037, 0.1545, 0.0789, 0.0961
0.0385, 0.0317, 0.0994, 0.1557, 0.0798, 0.0982


1 : 0.001 : 0.01
0.0393, 0.0322, 0.0983, 0.1553, 0.077, 0.0963
0.0388, 0.0315, 0.1035, 0.1545, 0.0788, 0.0961
0.0386, 0.0317, 0.0994, 0.1561, 0.0798, 0.0983


1 : 0.005 : 1e-05
0.0414, 0.0327, 0.1041, 0.1589, 0.0801, 0.0982
0.0391, 0.0315, 0.1032, 0.1547, 0.0803, 0.0977
0.0402, 0.0321, 0.1042, 0.1596, 0.0826, 0.1003


1 : 0.005 : 0.0001
0.0414, 0.0327, 0.1041, 0.1583, 0.0801, 0.098
0.0391, 0.0315, 0.1032, 0.1547, 0.0803, 0.0977
0.0402, 0.0321, 0.1042, 0.1596, 0.0826, 0.1003


1 : 0.005 : 0.001
0.0415, 0.0327, 0.1041, 0.1583, 0.0804, 0.0982
0.0389, 0.0315, 0.1026, 0.1541, 0.0801, 0.0976
0.0402, 0.0321, 0.1042, 0.1596, 0.0825, 0.1003


1 : 0.005 : 0.01
0.0405, 0.0326, 0.1015, 0.1578, 0.0796, 0.0982
0.0386, 0.0315, 0.102, 0.1535, 0.0798, 0.0973
0.0398, 0.0321, 0.1037, 0.1603, 0.082, 0.1002


1 : 0.01 : 1e-05
0.0406, 0.0327, 0.1027, 0.1582, 0.0801, 0.0986
0.0397, 0.0311, 0.1044, 0.1518, 0.0808, 0.0967
0.0398, 0.0321, 0.1031, 0.1586, 0.082, 0.0999


1 : 0.01 : 0.0001
0.0406, 0.0327, 0.1027, 0.1583, 0.0801, 0.0986
0.0397, 0.0311, 0.1044, 0.1518, 0.0808, 0.0967
0.0398, 0.0321, 0.1031, 0.1586, 0.082, 0.0999


1 : 0.01 : 0.001
0.0407, 0.0328, 0.1032, 0.1583, 0.0803, 0.0988
0.0396, 0.031, 0.1038, 0.1515, 0.0806, 0.0966
0.0398, 0.0321, 0.1031, 0.1586, 0.082, 0.0999


1 : 0.01 : 0.01
0.0403, 0.0326, 0.1008, 0.1582, 0.0795, 0.0986
0.0393, 0.0308, 0.1035, 0.1506, 0.0809, 0.0967
0.0403, 0.0319, 0.1034, 0.1592, 0.0819, 0.0997


2 : 0.0001 : 1e-05
0.0382, 0.0311, 0.0934, 0.1493, 0.0752, 0.0935
0.0379, 0.0297, 0.0968, 0.148, 0.0745, 0.0914
0.0369, 0.0302, 0.0958, 0.1491, 0.0773, 0.095


2 : 0.0001 : 0.0001
0.0382, 0.0311, 0.0934, 0.1493, 0.0752, 0.0935
0.0379, 0.0297, 0.0968, 0.148, 0.0745, 0.0914
0.0369, 0.0302, 0.0958, 0.1491, 0.0773, 0.095


2 : 0.0001 : 0.001
0.0382, 0.0311, 0.0934, 0.1493, 0.0752, 0.0935
0.0379, 0.0297, 0.0968, 0.148, 0.0745, 0.0914
0.037, 0.0302, 0.0959, 0.1491, 0.0774, 0.095


2 : 0.0001 : 0.01
0.0382, 0.0311, 0.0934, 0.1494, 0.0752, 0.0936
0.0379, 0.0297, 0.0968, 0.148, 0.0745, 0.0914
0.037, 0.0302, 0.0959, 0.1491, 0.0772, 0.0948


2 : 0.0005 : 1e-05
0.0406, 0.032, 0.1005, 0.1569, 0.0777, 0.0958
0.0377, 0.0308, 0.0999, 0.1485, 0.0775, 0.0945
0.0397, 0.0306, 0.1048, 0.1519, 0.0824, 0.0973


2 : 0.0005 : 0.0001
0.0407, 0.032, 0.1005, 0.1569, 0.0777, 0.0958
0.0377, 0.0308, 0.0999, 0.1485, 0.0775, 0.0945
0.0397, 0.0306, 0.1048, 0.1519, 0.0824, 0.0973


2 : 0.0005 : 0.001
0.0407, 0.032, 0.1005, 0.1569, 0.0777, 0.0958
0.0377, 0.0308, 0.0999, 0.1485, 0.0774, 0.0944
0.0397, 0.0306, 0.1048, 0.1519, 0.0824, 0.0973


2 : 0.0005 : 0.01
0.0408, 0.0319, 0.101, 0.1563, 0.0779, 0.0957
0.0377, 0.0308, 0.0999, 0.1484, 0.0775, 0.0944
0.0396, 0.0308, 0.1043, 0.1525, 0.0822, 0.0975


2 : 0.001 : 1e-05
0.0405, 0.0318, 0.1003, 0.1533, 0.0771, 0.0944
0.0389, 0.0309, 0.103, 0.1496, 0.0789, 0.0948
0.0396, 0.0307, 0.1044, 0.1508, 0.0822, 0.097


2 : 0.001 : 0.0001
0.0405, 0.0318, 0.1003, 0.1533, 0.0771, 0.0944
0.0389, 0.0309, 0.103, 0.1496, 0.0789, 0.0948
0.0396, 0.0307, 0.1044, 0.1508, 0.0822, 0.097


2 : 0.001 : 0.001
0.0404, 0.0318, 0.0998, 0.1533, 0.0769, 0.0944
0.0389, 0.0309, 0.103, 0.1496, 0.0789, 0.0948
0.0396, 0.0307, 0.1044, 0.1508, 0.0822, 0.097


2 : 0.001 : 0.01
0.0404, 0.0319, 0.0998, 0.1538, 0.0769, 0.0946
0.0386, 0.031, 0.1029, 0.1503, 0.0788, 0.0952
0.0397, 0.0307, 0.1044, 0.1507, 0.0822, 0.0969


2 : 0.005 : 1e-05
0.0395, 0.0313, 0.095, 0.1523, 0.0749, 0.0933
0.0389, 0.0307, 0.0997, 0.1496, 0.0774, 0.0942
0.0394, 0.0305, 0.102, 0.1528, 0.0811, 0.0972


2 : 0.005 : 0.0001
0.0395, 0.0313, 0.095, 0.1523, 0.0749, 0.0933
0.0389, 0.0308, 0.0997, 0.1497, 0.0774, 0.0943
0.0394, 0.0305, 0.102, 0.1528, 0.0811, 0.0972


2 : 0.005 : 0.001
0.0396, 0.0314, 0.0951, 0.1524, 0.0749, 0.0933
0.039, 0.0308, 0.1, 0.1499, 0.0776, 0.0944
0.0393, 0.0305, 0.1014, 0.1528, 0.0809, 0.0972


2 : 0.005 : 0.01
0.0392, 0.0315, 0.094, 0.1525, 0.0747, 0.0936
0.0386, 0.0307, 0.0995, 0.1499, 0.077, 0.0941
0.0396, 0.0304, 0.1033, 0.1524, 0.081, 0.0965


2 : 0.01 : 1e-05
0.039, 0.0316, 0.0919, 0.1534, 0.0739, 0.0938
0.039, 0.0307, 0.101, 0.1503, 0.0781, 0.0946
0.0396, 0.0305, 0.1022, 0.1519, 0.0807, 0.0964


2 : 0.01 : 0.0001
0.039, 0.0316, 0.0919, 0.1534, 0.0739, 0.0938
0.039, 0.0307, 0.101, 0.1503, 0.0781, 0.0946
0.0395, 0.0305, 0.1021, 0.1519, 0.0807, 0.0964


2 : 0.01 : 0.001
0.0389, 0.0315, 0.0917, 0.1525, 0.0738, 0.0935
0.039, 0.0307, 0.1015, 0.1498, 0.0782, 0.0945
0.0398, 0.0305, 0.1038, 0.1519, 0.0811, 0.0962


2 : 0.01 : 0.01
0.0396, 0.032, 0.0955, 0.1552, 0.0754, 0.0946
0.0381, 0.0305, 0.0995, 0.1497, 0.0768, 0.0939
0.0391, 0.0308, 0.1018, 0.1537, 0.0804, 0.0969


3 : 0.0001 : 1e-05
0.0375, 0.0304, 0.0931, 0.146, 0.0736, 0.0914
0.038, 0.03, 0.0985, 0.1491, 0.0773, 0.0941
0.0381, 0.031, 0.0967, 0.1546, 0.0774, 0.096


3 : 0.0001 : 0.0001
0.0375, 0.0304, 0.0931, 0.146, 0.0736, 0.0914
0.038, 0.03, 0.0985, 0.1491, 0.0773, 0.0941
0.0381, 0.031, 0.0967, 0.1546, 0.0774, 0.096


3 : 0.0001 : 0.001
0.0375, 0.0304, 0.0931, 0.146, 0.0736, 0.0914
0.038, 0.03, 0.0985, 0.1491, 0.0773, 0.0941
0.0381, 0.031, 0.0967, 0.1546, 0.0774, 0.096


3 : 0.0001 : 0.01
0.0375, 0.0304, 0.0931, 0.146, 0.0736, 0.0913
0.038, 0.03, 0.0985, 0.1491, 0.0773, 0.0941
0.0381, 0.031, 0.0967, 0.1546, 0.0774, 0.096


3 : 0.0005 : 1e-05
0.0405, 0.0324, 0.1006, 0.156, 0.0795, 0.0977
0.0384, 0.0308, 0.1007, 0.1517, 0.0779, 0.0949
0.0394, 0.0321, 0.1016, 0.1579, 0.0808, 0.0991


3 : 0.0005 : 0.0001
0.0405, 0.0324, 0.1006, 0.156, 0.0795, 0.0977
0.0384, 0.0308, 0.1007, 0.1517, 0.0779, 0.0949
0.0394, 0.0321, 0.1016, 0.1579, 0.0808, 0.0991


3 : 0.0005 : 0.001
0.0405, 0.0324, 0.1006, 0.156, 0.0795, 0.0977
0.0384, 0.0308, 0.1007, 0.1517, 0.0779, 0.0949
0.0394, 0.0321, 0.1016, 0.1579, 0.0808, 0.0991


3 : 0.0005 : 0.01
0.0405, 0.0323, 0.1006, 0.1559, 0.0795, 0.0977
0.0385, 0.0308, 0.1013, 0.1517, 0.0781, 0.095
0.0393, 0.0321, 0.1017, 0.1579, 0.0807, 0.099


3 : 0.001 : 1e-05
0.0411, 0.0326, 0.1021, 0.1568, 0.08, 0.0978
0.0391, 0.0311, 0.1027, 0.1523, 0.0792, 0.0959
0.0391, 0.0317, 0.101, 0.1567, 0.0804, 0.0985


3 : 0.001 : 0.0001
0.0411, 0.0326, 0.1021, 0.1568, 0.08, 0.0978
0.0391, 0.0311, 0.1027, 0.1523, 0.0792, 0.0959
0.0391, 0.0317, 0.101, 0.1567, 0.0804, 0.0985


3 : 0.001 : 0.001
0.0411, 0.0326, 0.1021, 0.1571, 0.08, 0.0979
0.0391, 0.0311, 0.1027, 0.1523, 0.0792, 0.0959
0.0391, 0.0317, 0.101, 0.1567, 0.0804, 0.0985


3 : 0.001 : 0.01
0.0408, 0.0327, 0.1014, 0.1569, 0.0798, 0.098
0.039, 0.0311, 0.1027, 0.1523, 0.0791, 0.0959
0.0394, 0.0316, 0.1022, 0.1567, 0.0807, 0.0983


3 : 0.005 : 1e-05
0.0401, 0.0332, 0.1, 0.1586, 0.0792, 0.0989
0.0389, 0.0311, 0.1023, 0.1513, 0.0799, 0.0967
0.0396, 0.0317, 0.1031, 0.1581, 0.0817, 0.0994


3 : 0.005 : 0.0001
0.0401, 0.0331, 0.1, 0.1583, 0.0792, 0.0988
0.0389, 0.0311, 0.1023, 0.1513, 0.0799, 0.0967
0.0396, 0.0317, 0.1031, 0.158, 0.0817, 0.0993


3 : 0.005 : 0.001
0.0401, 0.0331, 0.1, 0.1585, 0.0793, 0.0989
0.0388, 0.0311, 0.1018, 0.1513, 0.0796, 0.0966
0.0396, 0.0316, 0.1031, 0.1575, 0.0818, 0.0992


3 : 0.005 : 0.01
0.0397, 0.0329, 0.099, 0.157, 0.0781, 0.0976
0.0388, 0.0308, 0.1019, 0.1491, 0.0798, 0.096
0.0393, 0.0317, 0.1024, 0.1584, 0.0819, 0.1


3 : 0.01 : 1e-05
0.0402, 0.0333, 0.0995, 0.1611, 0.0792, 0.0995
0.0394, 0.0307, 0.1055, 0.1489, 0.0809, 0.0958
0.0403, 0.0317, 0.1046, 0.1565, 0.0837, 0.1002


3 : 0.01 : 0.0001
0.0402, 0.0333, 0.0995, 0.1611, 0.0793, 0.0996
0.0394, 0.0307, 0.1055, 0.1489, 0.0809, 0.0958
0.0403, 0.0317, 0.1046, 0.1565, 0.0837, 0.1002


3 : 0.01 : 0.001
0.0401, 0.0333, 0.0993, 0.1605, 0.0791, 0.0995
0.0393, 0.0305, 0.1049, 0.1489, 0.0807, 0.0958
0.0401, 0.0317, 0.1035, 0.1565, 0.0833, 0.1002


3 : 0.01 : 0.01
0.0402, 0.0329, 0.0988, 0.1585, 0.0791, 0.0987
0.0395, 0.0307, 0.1043, 0.1496, 0.081, 0.0962
0.0401, 0.0314, 0.1024, 0.1553, 0.0818, 0.0986


4 : 0.0001 : 1e-05
0.0377, 0.0308, 0.0941, 0.1478, 0.076, 0.0939
0.0377, 0.03, 0.096, 0.152, 0.0747, 0.0931
0.0379, 0.031, 0.0992, 0.1551, 0.078, 0.0964


4 : 0.0001 : 0.0001
0.0377, 0.0308, 0.0941, 0.1478, 0.076, 0.0939
0.0377, 0.03, 0.096, 0.152, 0.0747, 0.0931
0.0379, 0.031, 0.0992, 0.1551, 0.078, 0.0964


4 : 0.0001 : 0.001
0.0377, 0.0308, 0.0941, 0.1478, 0.076, 0.0939
0.0377, 0.03, 0.096, 0.152, 0.0747, 0.0931
0.0379, 0.031, 0.0992, 0.1551, 0.078, 0.0964


4 : 0.0001 : 0.01
0.0377, 0.0308, 0.0941, 0.1478, 0.076, 0.0939
0.0377, 0.0301, 0.096, 0.1523, 0.0747, 0.0932
0.038, 0.031, 0.0998, 0.1551, 0.0782, 0.0964


4 : 0.0005 : 1e-05
0.0408, 0.0321, 0.1025, 0.1528, 0.0804, 0.097
0.0388, 0.0304, 0.103, 0.1499, 0.0796, 0.0954
0.0397, 0.0314, 0.1062, 0.1558, 0.0838, 0.0998


4 : 0.0005 : 0.0001
0.0408, 0.0321, 0.1025, 0.1528, 0.0804, 0.097
0.0388, 0.0304, 0.103, 0.1499, 0.0796, 0.0954
0.0397, 0.0314, 0.1062, 0.1558, 0.0838, 0.0998


4 : 0.0005 : 0.001
0.0408, 0.0321, 0.1025, 0.1528, 0.0804, 0.097
0.0388, 0.0304, 0.103, 0.1499, 0.0796, 0.0954
0.0397, 0.0314, 0.1062, 0.1558, 0.0838, 0.0998


4 : 0.0005 : 0.01
0.0407, 0.0321, 0.102, 0.1531, 0.0802, 0.0971
0.0389, 0.0305, 0.1031, 0.1507, 0.0797, 0.0957
0.0397, 0.0315, 0.1062, 0.1567, 0.0837, 0.1


4 : 0.001 : 1e-05
0.0404, 0.0316, 0.1001, 0.1516, 0.0787, 0.0955
0.039, 0.0306, 0.1037, 0.1515, 0.0797, 0.0958
0.0395, 0.0311, 0.1051, 0.1558, 0.0825, 0.0989


4 : 0.001 : 0.0001
0.0404, 0.0316, 0.1001, 0.1516, 0.0787, 0.0955
0.039, 0.0306, 0.1037, 0.1515, 0.0797, 0.0958
0.0395, 0.0311, 0.1051, 0.1558, 0.0825, 0.0989


4 : 0.001 : 0.001
0.0405, 0.0315, 0.1007, 0.1514, 0.0789, 0.0954
0.039, 0.0307, 0.1037, 0.1516, 0.0798, 0.0958
0.0395, 0.0311, 0.1051, 0.1558, 0.0825, 0.0989


4 : 0.001 : 0.01
0.0402, 0.0314, 0.1005, 0.151, 0.0787, 0.0954
0.0389, 0.0306, 0.1037, 0.1506, 0.0799, 0.0958
0.0396, 0.0312, 0.1057, 0.1563, 0.0832, 0.0995


4 : 0.005 : 1e-05
0.0401, 0.0317, 0.0973, 0.1537, 0.0766, 0.0948
0.0393, 0.0307, 0.105, 0.1493, 0.0812, 0.0964
0.0396, 0.0308, 0.1037, 0.1537, 0.0822, 0.0981


4 : 0.005 : 0.0001
0.0401, 0.0317, 0.0973, 0.1537, 0.0766, 0.0948
0.0393, 0.0307, 0.105, 0.1493, 0.0812, 0.0964
0.0396, 0.0308, 0.1037, 0.1537, 0.0822, 0.0981


4 : 0.005 : 0.001
0.0401, 0.0318, 0.0973, 0.154, 0.0767, 0.095
0.0393, 0.0308, 0.105, 0.1493, 0.0811, 0.0962
0.0396, 0.0308, 0.1037, 0.1537, 0.0821, 0.098


4 : 0.005 : 0.01
0.0393, 0.032, 0.0944, 0.1565, 0.0752, 0.0954
0.0396, 0.0304, 0.1046, 0.1478, 0.081, 0.0956
0.0393, 0.0309, 0.1027, 0.1549, 0.0814, 0.0982


4 : 0.01 : 1e-05
0.0394, 0.0323, 0.0953, 0.1576, 0.0756, 0.096
0.0397, 0.0307, 0.1054, 0.1492, 0.0807, 0.0955
0.0394, 0.0314, 0.1028, 0.1561, 0.0811, 0.0982


4 : 0.01 : 0.0001
0.0394, 0.0323, 0.0953, 0.1576, 0.0756, 0.096
0.0398, 0.0307, 0.1055, 0.1492, 0.0808, 0.0955
0.0394, 0.0314, 0.1028, 0.1561, 0.0811, 0.0983


4 : 0.01 : 0.001
0.0395, 0.0324, 0.0954, 0.1582, 0.0757, 0.096
0.0401, 0.0307, 0.1065, 0.1484, 0.0812, 0.0954
0.0394, 0.0314, 0.1031, 0.1561, 0.0811, 0.0982


4 : 0.01 : 0.01
0.039, 0.0322, 0.0937, 0.1582, 0.0748, 0.0959
0.0393, 0.0307, 0.1035, 0.1499, 0.08, 0.0956
0.0392, 0.0311, 0.1039, 0.1542, 0.0812, 0.0976


5 : 0.0001 : 1e-05
0.0388, 0.0309, 0.095, 0.1489, 0.0765, 0.094
0.0384, 0.0304, 0.1007, 0.1504, 0.0782, 0.0947
0.038, 0.0307, 0.0981, 0.1525, 0.078, 0.0957


5 : 0.0001 : 0.0001
0.0388, 0.0309, 0.095, 0.1489, 0.0765, 0.094
0.0384, 0.0304, 0.1007, 0.1504, 0.0782, 0.0947
0.038, 0.0307, 0.0981, 0.1525, 0.078, 0.0957


5 : 0.0001 : 0.001
0.0388, 0.0309, 0.095, 0.1489, 0.0765, 0.094