1 : 0.0001 : 1e-05
0.0388, 0.0312, 0.097, 0.1534, 0.078, 0.096
0.0368, 0.0313, 0.0921, 0.1524, 0.0711, 0.0905
0.0368, 0.0305, 0.0941, 0.1511, 0.0705, 0.0895


1 : 0.0001 : 0.0001
0.0388, 0.0312, 0.097, 0.1534, 0.078, 0.096
0.0368, 0.0313, 0.0921, 0.1524, 0.0711, 0.0905
0.0368, 0.0305, 0.0941, 0.1511, 0.0705, 0.0895


1 : 0.0001 : 0.001
0.0388, 0.0312, 0.097, 0.1534, 0.078, 0.0961
0.0368, 0.0313, 0.0921, 0.1524, 0.0711, 0.0905
0.0368, 0.0305, 0.0941, 0.1511, 0.0705, 0.0895


1 : 0.0001 : 0.01
0.0388, 0.0313, 0.097, 0.1534, 0.078, 0.0961
0.0368, 0.0313, 0.0921, 0.1524, 0.071, 0.0905
0.0368, 0.0305, 0.0941, 0.1511, 0.0705, 0.0895


1 : 0.0005 : 1e-05
0.0425, 0.0337, 0.1137, 0.1713, 0.0866, 0.1055
0.0379, 0.0324, 0.096, 0.1622, 0.0766, 0.098
0.0375, 0.032, 0.0999, 0.1631, 0.0755, 0.0967


1 : 0.0005 : 0.0001
0.0425, 0.0337, 0.1137, 0.1713, 0.0866, 0.1055
0.0379, 0.0324, 0.096, 0.1622, 0.0766, 0.098
0.0375, 0.032, 0.0999, 0.1631, 0.0755, 0.0967


1 : 0.0005 : 0.001
0.0425, 0.0337, 0.1137, 0.1713, 0.0866, 0.1055
0.038, 0.0324, 0.0963, 0.1622, 0.0767, 0.098
0.0375, 0.032, 0.0999, 0.1631, 0.0755, 0.0967


1 : 0.0005 : 0.01
0.0424, 0.0336, 0.1136, 0.171, 0.0865, 0.1053
0.038, 0.0324, 0.0963, 0.1624, 0.0767, 0.098
0.0375, 0.032, 0.0999, 0.1631, 0.0755, 0.0967


1 : 0.001 : 1e-05
0.042, 0.0336, 0.1139, 0.1714, 0.0881, 0.1072
0.0396, 0.0325, 0.1013, 0.1631, 0.0803, 0.0997
0.0376, 0.0317, 0.1022, 0.162, 0.0774, 0.0978


1 : 0.001 : 0.0001
0.042, 0.0336, 0.1139, 0.1714, 0.0881, 0.1072
0.0396, 0.0325, 0.1013, 0.1631, 0.0803, 0.0997
0.0376, 0.0317, 0.1022, 0.162, 0.0774, 0.0978


1 : 0.001 : 0.001
0.042, 0.0336, 0.1139, 0.1714, 0.0881, 0.1072
0.0396, 0.0325, 0.1013, 0.1631, 0.0803, 0.0997
0.0376, 0.0318, 0.1022, 0.1621, 0.0774, 0.0979


1 : 0.001 : 0.01
0.0419, 0.0336, 0.1133, 0.1708, 0.0878, 0.1069
0.0396, 0.0326, 0.1014, 0.1636, 0.0802, 0.0998
0.0376, 0.032, 0.1022, 0.1636, 0.0774, 0.0983

1 : 0.005 : 1e-05
0.0422, 0.0343, 0.1147, 0.1725, 0.088, 0.1074
0.0395, 0.0321, 0.1018, 0.1607, 0.0813, 0.0998
0.0379, 0.033, 0.1043, 0.1685, 0.0797, 0.1019


1 : 0.005 : 0.0001
0.0422, 0.0343, 0.1147, 0.1725, 0.088, 0.1074
0.0395, 0.0321, 0.1018, 0.1607, 0.0813, 0.0998
0.0379, 0.033, 0.1043, 0.1685, 0.0797, 0.1019


1 : 0.005 : 0.001
0.0424, 0.0343, 0.1148, 0.1725, 0.0881, 0.1074
0.0393, 0.0321, 0.1012, 0.1606, 0.0806, 0.0994
0.0379, 0.033, 0.1043, 0.1692, 0.0796, 0.102


1 : 0.005 : 0.01
0.0422, 0.0339, 0.1138, 0.1705, 0.0877, 0.1066
0.0394, 0.0323, 0.1018, 0.1606, 0.0806, 0.0992
0.038, 0.0326, 0.1051, 0.1687, 0.0793, 0.1012


1 : 0.01 : 1e-05
0.0424, 0.0337, 0.1145, 0.1718, 0.0877, 0.1066
0.0402, 0.0322, 0.1041, 0.1604, 0.0822, 0.0998
0.0375, 0.0328, 0.1035, 0.1697, 0.0781, 0.1009


1 : 0.01 : 0.0001
0.0424, 0.0337, 0.1145, 0.1718, 0.0877, 0.1066
0.0402, 0.0322, 0.1041, 0.1604, 0.0822, 0.0998
0.0375, 0.0328, 0.1035, 0.1697, 0.0781, 0.1009


1 : 0.01 : 0.001
0.0422, 0.0338, 0.1138, 0.1724, 0.0874, 0.1067
0.0404, 0.0322, 0.1041, 0.1598, 0.0825, 0.0999
0.0374, 0.0329, 0.1023, 0.1704, 0.0777, 0.1011


1 : 0.01 : 0.01
0.0427, 0.0336, 0.1142, 0.1709, 0.0881, 0.1065
0.0398, 0.032, 0.1031, 0.1589, 0.0821, 0.0998
0.0376, 0.0329, 0.1035, 0.1697, 0.0779, 0.1008


2 : 0.0001 : 1e-05
0.0404, 0.0329, 0.1052, 0.167, 0.0824, 0.1026
0.037, 0.0315, 0.0934, 0.1584, 0.0746, 0.0955
0.0379, 0.0315, 0.1003, 0.1606, 0.0761, 0.0961


2 : 0.0001 : 0.0001
0.0404, 0.0329, 0.1052, 0.167, 0.0824, 0.1026
0.037, 0.0315, 0.0934, 0.1584, 0.0746, 0.0955
0.0379, 0.0315, 0.1003, 0.1606, 0.0761, 0.0961


2 : 0.0001 : 0.001
0.0404, 0.0329, 0.1052, 0.167, 0.0824, 0.1026
0.037, 0.0315, 0.0934, 0.1584, 0.0746, 0.0955
0.0379, 0.0315, 0.1003, 0.1606, 0.0761, 0.0961


2 : 0.0001 : 0.01
0.0405, 0.0329, 0.1058, 0.167, 0.0826, 0.1026
0.037, 0.0314, 0.0934, 0.1583, 0.0746, 0.0954
0.0378, 0.0315, 0.1002, 0.1606, 0.076, 0.0961


2 : 0.0005 : 1e-05
0.0399, 0.0327, 0.1056, 0.1629, 0.0827, 0.102
0.0381, 0.0315, 0.0953, 0.157, 0.0756, 0.0952
0.0374, 0.0323, 0.1016, 0.1642, 0.0769, 0.0982


2 : 0.0005 : 0.0001
0.0399, 0.0327, 0.1056, 0.1629, 0.0827, 0.102
0.0381, 0.0315, 0.0953, 0.157, 0.0756, 0.0952
0.0374, 0.0323, 0.1016, 0.1642, 0.0769, 0.0982


2 : 0.0005 : 0.001
0.0399, 0.0327, 0.1056, 0.1629, 0.0827, 0.102
0.0381, 0.0315, 0.0953, 0.157, 0.0756, 0.0952
0.0374, 0.0323, 0.1016, 0.1642, 0.0769, 0.0982


2 : 0.0005 : 0.01
0.0398, 0.0327, 0.1053, 0.1629, 0.0825, 0.1019
0.0381, 0.0315, 0.0953, 0.1568, 0.0755, 0.0951
0.0375, 0.0322, 0.1019, 0.1646, 0.0771, 0.0983


2 : 0.001 : 1e-05
0.0406, 0.032, 0.1075, 0.159, 0.0841, 0.1011
0.038, 0.0318, 0.0959, 0.159, 0.0758, 0.0959
0.0383, 0.0322, 0.1034, 0.163, 0.0778, 0.0981


2 : 0.001 : 0.0001
0.0406, 0.032, 0.1075, 0.159, 0.0841, 0.1011
0.038, 0.0318, 0.0959, 0.159, 0.0758, 0.0959
0.0383, 0.0322, 0.1034, 0.163, 0.0778, 0.0981


2 : 0.001 : 0.001
0.0406, 0.032, 0.1075, 0.159, 0.0841, 0.1011
0.038, 0.0318, 0.0959, 0.159, 0.0757, 0.0959
0.0383, 0.0322, 0.1034, 0.163, 0.0778, 0.0981


2 : 0.001 : 0.01
0.0406, 0.032, 0.1075, 0.1584, 0.0838, 0.1007
0.0381, 0.0318, 0.0965, 0.1598, 0.0759, 0.0961
0.0384, 0.0323, 0.1036, 0.1641, 0.0779, 0.0983


2 : 0.005 : 1e-05
0.0409, 0.0324, 0.1051, 0.1599, 0.0833, 0.1012
0.0381, 0.0318, 0.0966, 0.1591, 0.0769, 0.0968
0.0371, 0.0328, 0.0985, 0.1663, 0.0746, 0.0978


2 : 0.005 : 0.0001
0.0409, 0.0324, 0.1051, 0.1599, 0.0833, 0.1012
0.0381, 0.0318, 0.0966, 0.1591, 0.0768, 0.0968
0.0371, 0.0328, 0.0985, 0.1657, 0.0746, 0.0976


2 : 0.005 : 0.001
0.041, 0.0325, 0.1054, 0.1601, 0.0834, 0.1013
0.0383, 0.0317, 0.0968, 0.1591, 0.077, 0.0968
0.0373, 0.0327, 0.0987, 0.1656, 0.0748, 0.0976


2 : 0.005 : 0.01
0.0409, 0.0323, 0.1046, 0.1597, 0.0833, 0.1012
0.0383, 0.0316, 0.097, 0.1589, 0.0767, 0.0963
0.0369, 0.0324, 0.0977, 0.1655, 0.0745, 0.0975


2 : 0.01 : 1e-05
0.0411, 0.0325, 0.1063, 0.1611, 0.0832, 0.101
0.0383, 0.0318, 0.0967, 0.1595, 0.0768, 0.0967
0.0375, 0.0327, 0.099, 0.1655, 0.0746, 0.0971


2 : 0.01 : 0.0001
0.0411, 0.0325, 0.1063, 0.1611, 0.0832, 0.101
0.0383, 0.0317, 0.0967, 0.1589, 0.0768, 0.0965
0.0375, 0.0327, 0.099, 0.1655, 0.0745, 0.097


2 : 0.01 : 0.001
0.0411, 0.0327, 0.1063, 0.1618, 0.0831, 0.1012
0.0384, 0.0319, 0.0976, 0.1593, 0.077, 0.0967
0.0376, 0.0326, 0.0994, 0.1654, 0.0747, 0.0971


2 : 0.01 : 0.01
0.0416, 0.0326, 0.1069, 0.161, 0.0836, 0.1011
0.0386, 0.0315, 0.0983, 0.1595, 0.0773, 0.0964
0.0373, 0.0325, 0.0978, 0.1672, 0.0744, 0.0975


3 : 0.0001 : 1e-05
0.04, 0.0327, 0.107, 0.1661, 0.0849, 0.1042
0.0373, 0.0318, 0.0927, 0.1603, 0.0751, 0.0965
0.0379, 0.0321, 0.0983, 0.1628, 0.076, 0.0973


3 : 0.0001 : 0.0001
0.04, 0.0327, 0.107, 0.1661, 0.0849, 0.1042
0.0373, 0.0318, 0.0927, 0.1603, 0.0751, 0.0965
0.0379, 0.0321, 0.0983, 0.1628, 0.076, 0.0973


3 : 0.0001 : 0.001
0.04, 0.0327, 0.107, 0.1661, 0.0849, 0.1042
0.0373, 0.0318, 0.0927, 0.1603, 0.0751, 0.0965
0.0379, 0.0321, 0.0983, 0.1634, 0.076, 0.0975


3 : 0.0001 : 0.01
0.04, 0.0328, 0.107, 0.1664, 0.0849, 0.1043
0.0373, 0.0318, 0.0927, 0.1603, 0.0751, 0.0965
0.0379, 0.0321, 0.0983, 0.1634, 0.0761, 0.0976


3 : 0.0005 : 1e-05
0.0417, 0.0335, 0.1131, 0.1693, 0.0872, 0.1058
0.038, 0.0327, 0.0952, 0.1643, 0.0774, 0.0993
0.0383, 0.0326, 0.1019, 0.1673, 0.0784, 0.1003


3 : 0.0005 : 0.0001
0.0417, 0.0335, 0.1131, 0.1693, 0.0872, 0.1058
0.038, 0.0327, 0.0952, 0.1643, 0.0774, 0.0993
0.0383, 0.0326, 0.1019, 0.1673, 0.0784, 0.1003


3 : 0.0005 : 0.001
0.0417, 0.0335, 0.1131, 0.1693, 0.0872, 0.1058
0.038, 0.0328, 0.0952, 0.1649, 0.0774, 0.0995
0.0383, 0.0326, 0.1019, 0.1673, 0.0784, 0.1003


3 : 0.0005 : 0.01
0.0417, 0.0335, 0.1131, 0.1693, 0.0875, 0.1061
0.038, 0.0328, 0.0952, 0.1649, 0.0774, 0.0995
0.0383, 0.0326, 0.1019, 0.1674, 0.0783, 0.1002


3 : 0.001 : 1e-05
0.0411, 0.034, 0.1103, 0.1714, 0.0867, 0.1073
0.0381, 0.0328, 0.0961, 0.1654, 0.078, 0.1001
0.0384, 0.0331, 0.1033, 0.1703, 0.0791, 0.1018


3 : 0.001 : 0.0001
0.0411, 0.034, 0.1103, 0.1714, 0.0867, 0.1073
0.0381, 0.0328, 0.0961, 0.1654, 0.078, 0.1001
0.0384, 0.0331, 0.1033, 0.1703, 0.0791, 0.1018


3 : 0.001 : 0.001
0.0411, 0.034, 0.1103, 0.1714, 0.0867, 0.1073
0.0381, 0.0328, 0.0961, 0.1654, 0.078, 0.1001
0.0384, 0.0331, 0.1033, 0.1703, 0.0791, 0.1017


3 : 0.001 : 0.01
0.0414, 0.034, 0.111, 0.1714, 0.0875, 0.1078
0.0381, 0.0326, 0.0959, 0.165, 0.0778, 0.0997
0.0384, 0.033, 0.1033, 0.1699, 0.0792, 0.1017


3 : 0.005 : 1e-05
0.0414, 0.0341, 0.112, 0.1711, 0.0868, 0.1066
0.0384, 0.0327, 0.0978, 0.167, 0.0795, 0.1014
0.0383, 0.0333, 0.1024, 0.1698, 0.0786, 0.1016


3 : 0.005 : 0.0001
0.0414, 0.0341, 0.112, 0.1711, 0.0868, 0.1066
0.0384, 0.0327, 0.0978, 0.167, 0.0795, 0.1014
0.0383, 0.0333, 0.1024, 0.1698, 0.0786, 0.1016


3 : 0.005 : 0.001
0.0412, 0.0341, 0.1114, 0.1712, 0.0866, 0.1066
0.0385, 0.0327, 0.098, 0.167, 0.0796, 0.1014
0.0383, 0.0333, 0.1024, 0.1698, 0.0786, 0.1016


3 : 0.005 : 0.01
0.0412, 0.0338, 0.1097, 0.1691, 0.0862, 0.1058
0.0386, 0.0326, 0.0974, 0.1668, 0.0794, 0.1011
0.0378, 0.0333, 0.1002, 0.1699, 0.0774, 0.1013


3 : 0.01 : 1e-05
0.0412, 0.0336, 0.1109, 0.168, 0.0865, 0.1057
0.0391, 0.0328, 0.0999, 0.1662, 0.0816, 0.1024
0.0385, 0.0331, 0.1022, 0.1691, 0.0786, 0.1012


3 : 0.01 : 0.0001
0.0412, 0.0336, 0.1109, 0.168, 0.0865, 0.1057
0.0391, 0.0328, 0.0999, 0.1662, 0.0816, 0.1024
0.0385, 0.0331, 0.1022, 0.1691, 0.0786, 0.1012


3 : 0.01 : 0.001
0.0411, 0.0336, 0.1106, 0.1677, 0.0864, 0.1056
0.039, 0.0328, 0.0993, 0.1666, 0.0814, 0.1025
0.0384, 0.0331, 0.1022, 0.1685, 0.0786, 0.1012


3 : 0.01 : 0.01
0.0414, 0.0338, 0.1084, 0.1677, 0.0854, 0.105
0.0395, 0.0326, 0.1008, 0.1667, 0.0818, 0.1024
0.0376, 0.0331, 0.1, 0.1687, 0.0771, 0.1005


4 : 0.0001 : 1e-05
0.0396, 0.0326, 0.1054, 0.1656, 0.0829, 0.1028
0.0365, 0.0315, 0.0932, 0.1585, 0.0741, 0.0953
0.0388, 0.0319, 0.1022, 0.1649, 0.078, 0.0984


4 : 0.0001 : 0.0001
0.0396, 0.0326, 0.1054, 0.1656, 0.0829, 0.1028
0.0365, 0.0315, 0.0932, 0.1585, 0.0741, 0.0953
0.0388, 0.0319, 0.1022, 0.1649, 0.078, 0.0984


4 : 0.0001 : 0.001
0.0396, 0.0326, 0.1054, 0.1656, 0.0829, 0.1028
0.0365, 0.0315, 0.0932, 0.1585, 0.0741, 0.0953
0.0388, 0.0319, 0.1022, 0.1649, 0.078, 0.0984


4 : 0.0001 : 0.01
0.0396, 0.0326, 0.1054, 0.1656, 0.0829, 0.1028
0.0365, 0.0314, 0.0932, 0.1579, 0.0741, 0.0951
0.0388, 0.0319, 0.1022, 0.1649, 0.078, 0.0984


4 : 0.0005 : 1e-05
0.0409, 0.0328, 0.1097, 0.1663, 0.085, 0.1037
0.0386, 0.0317, 0.0965, 0.1619, 0.077, 0.0974
0.0381, 0.0325, 0.1027, 0.1674, 0.0778, 0.0997


4 : 0.0005 : 0.0001
0.0409, 0.0328, 0.1097, 0.1663, 0.085, 0.1037
0.0386, 0.0317, 0.0965, 0.1619, 0.077, 0.0974
0.0381, 0.0325, 0.1027, 0.1674, 0.0778, 0.0997


4 : 0.0005 : 0.001
0.0409, 0.0328, 0.1097, 0.1663, 0.085, 0.1037
0.0386, 0.0317, 0.0965, 0.1619, 0.077, 0.0974
0.0381, 0.0325, 0.1027, 0.1674, 0.0778, 0.0996


4 : 0.0005 : 0.01
0.0409, 0.033, 0.1095, 0.1669, 0.085, 0.1039
0.0389, 0.0317, 0.097, 0.1618, 0.0773, 0.0974
0.0383, 0.0325, 0.1033, 0.1674, 0.078, 0.0997


4 : 0.001 : 1e-05
0.0404, 0.0325, 0.1071, 0.1625, 0.0841, 0.1028
0.0393, 0.0318, 0.0985, 0.1622, 0.078, 0.0978
0.0389, 0.0328, 0.104, 0.1687, 0.0783, 0.1


4 : 0.001 : 0.0001
0.0404, 0.0325, 0.1071, 0.1625, 0.0841, 0.1028
0.0393, 0.0318, 0.0985, 0.1622, 0.078, 0.0978
0.0389, 0.0328, 0.104, 0.1687, 0.0783, 0.1


4 : 0.001 : 0.001
0.0405, 0.0325, 0.1073, 0.1625, 0.0842, 0.1028
0.0394, 0.0318, 0.0988, 0.1622, 0.0782, 0.0979
0.0388, 0.0328, 0.1039, 0.1687, 0.0782, 0.1


4 : 0.001 : 0.01
0.0404, 0.0327, 0.1072, 0.1638, 0.0841, 0.1032
0.0394, 0.0318, 0.0988, 0.1618, 0.0782, 0.0978
0.039, 0.0326, 0.1049, 0.1681, 0.0783, 0.0995


4 : 0.005 : 1e-05
0.0415, 0.033, 0.1093, 0.1639, 0.0853, 0.1033
0.0388, 0.0323, 0.0986, 0.1636, 0.0789, 0.0994
0.0385, 0.0322, 0.1017, 0.1634, 0.0766, 0.0974


4 : 0.005 : 0.0001
0.0414, 0.033, 0.1087, 0.1637, 0.0851, 0.1032
0.0388, 0.0323, 0.0986, 0.1636, 0.0789, 0.0994
0.0385, 0.0322, 0.1017, 0.1634, 0.0766, 0.0974


4 : 0.005 : 0.001
0.0415, 0.0329, 0.1087, 0.1635, 0.0852, 0.1031
0.0384, 0.0324, 0.0974, 0.1644, 0.0785, 0.0996
0.0384, 0.0322, 0.101, 0.1634, 0.0763, 0.0973


4 : 0.005 : 0.01
0.0417, 0.0326, 0.109, 0.1615, 0.085, 0.1022
0.0388, 0.0321, 0.0981, 0.1653, 0.0792, 0.1001
0.0384, 0.0323, 0.101, 0.1634, 0.0766, 0.0978


4 : 0.01 : 1e-05
0.0412, 0.0329, 0.1082, 0.1639, 0.0841, 0.1025
0.0386, 0.0321, 0.0983, 0.163, 0.0789, 0.0993
0.0385, 0.032, 0.1012, 0.1622, 0.0764, 0.097


4 : 0.01 : 0.0001
0.0412, 0.0329, 0.1082, 0.1639, 0.0841, 0.1025
0.0386, 0.0321, 0.0983, 0.163, 0.0789, 0.0993
0.0385, 0.032, 0.1012, 0.1622, 0.0764, 0.097


4 : 0.01 : 0.001
0.0414, 0.0329, 0.1082, 0.1644, 0.084, 0.1024
0.0388, 0.032, 0.0983, 0.1625, 0.0789, 0.099
0.0385, 0.0321, 0.1014, 0.1623, 0.0765, 0.0971


4 : 0.01 : 0.01
0.0419, 0.0328, 0.1097, 0.1641, 0.0849, 0.1026
0.0395, 0.0321, 0.1004, 0.1639, 0.0797, 0.0994
0.0384, 0.0323, 0.1019, 0.1643, 0.0774, 0.0984


5 : 0.0001 : 1e-05
0.0401, 0.0331, 0.1053, 0.1671, 0.0847, 0.1051
0.0384, 0.0323, 0.0972, 0.1625, 0.0776, 0.0983
0.0383, 0.0319, 0.1006, 0.1641, 0.0772, 0.098


5 : 0.0001 : 0.0001
0.0401, 0.0331, 0.1053, 0.1671, 0.0847, 0.1051
0.0384, 0.0323, 0.0972, 0.1625, 0.0776, 0.0983
0.0383, 0.0319, 0.1006, 0.1641, 0.0772, 0.098


5 : 0.0001 : 0.001
0.0401, 0.0331, 0.1053, 0.1671, 0.0847, 0.1051