1 : 0.0001 : 1e-05
0.052, 0.0409, 0.0874, 0.1305, 0.0836, 0.0967
0.0547, 0.0443, 0.0922, 0.1456, 0.0859, 0.1021
0.0558, 0.0446, 0.0978, 0.1493, 0.0894, 0.1047


1 : 0.0001 : 0.0001
0.052, 0.0409, 0.0874, 0.1305, 0.0836, 0.0967
0.0547, 0.0443, 0.0922, 0.1456, 0.0859, 0.1021
0.0558, 0.0446, 0.0978, 0.1493, 0.0894, 0.1047


1 : 0.0001 : 0.001
0.052, 0.0409, 0.0874, 0.1305, 0.0836, 0.0967
0.0547, 0.0443, 0.0922, 0.1456, 0.0859, 0.1021
0.0558, 0.0446, 0.0978, 0.1493, 0.0894, 0.1047


1 : 0.0001 : 0.01
0.0521, 0.0409, 0.0874, 0.1305, 0.0836, 0.0967
0.0547, 0.0443, 0.0922, 0.1456, 0.0859, 0.1021
0.0558, 0.0446, 0.0978, 0.1493, 0.0894, 0.1048


1 : 0.0005 : 1e-05
0.0555, 0.045, 0.0969, 0.1495, 0.0908, 0.1074
0.0574, 0.0459, 0.1004, 0.1544, 0.0944, 0.1106
0.0587, 0.0474, 0.1041, 0.1643, 0.0963, 0.1145


1 : 0.0005 : 0.0001
0.0555, 0.045, 0.0969, 0.1495, 0.0908, 0.1074
0.0574, 0.0459, 0.1004, 0.1544, 0.0944, 0.1106
0.0587, 0.0474, 0.1041, 0.1643, 0.0963, 0.1145


1 : 0.0005 : 0.001
0.0555, 0.0451, 0.0969, 0.1495, 0.0908, 0.1074
0.0574, 0.0459, 0.1004, 0.1544, 0.0944, 0.1106
0.0587, 0.0474, 0.1041, 0.1643, 0.0963, 0.1145


1 : 0.0005 : 0.01
0.0555, 0.0451, 0.0968, 0.1495, 0.0908, 0.1074
0.0574, 0.0459, 0.1004, 0.1544, 0.0944, 0.1106
0.0588, 0.0475, 0.1042, 0.1643, 0.0963, 0.1145


1 : 0.001 : 1e-05
0.0558, 0.045, 0.0986, 0.1484, 0.0919, 0.1074
0.0589, 0.0464, 0.1026, 0.1556, 0.0963, 0.112
0.0613, 0.0482, 0.1083, 0.1674, 0.0991, 0.1165


1 : 0.001 : 0.0001
0.0558, 0.045, 0.0986, 0.1484, 0.0919, 0.1074
0.0589, 0.0464, 0.1026, 0.1556, 0.0963, 0.1121
0.0613, 0.0482, 0.1083, 0.1674, 0.0991, 0.1165


1 : 0.001 : 0.001
0.0558, 0.045, 0.0986, 0.1484, 0.0919, 0.1074
0.0589, 0.0464, 0.1026, 0.1556, 0.0963, 0.112
0.0613, 0.0482, 0.1083, 0.1675, 0.0991, 0.1165


1 : 0.001 : 0.01
0.0558, 0.045, 0.0986, 0.1484, 0.0919, 0.1074
0.0589, 0.0464, 0.1031, 0.1552, 0.0964, 0.1119
0.061, 0.0482, 0.1079, 0.1672, 0.0988, 0.1163


1 : 0.005 : 1e-05
0.0553, 0.0454, 0.0971, 0.1511, 0.0919, 0.1091
0.0589, 0.0457, 0.1044, 0.155, 0.0971, 0.1119
0.0608, 0.0479, 0.1053, 0.1673, 0.0993, 0.1179


1 : 0.005 : 0.0001
0.0553, 0.0454, 0.0971, 0.1511, 0.0919, 0.1091
0.0589, 0.0457, 0.1044, 0.155, 0.0971, 0.1119
0.0608, 0.0479, 0.1053, 0.1673, 0.0993, 0.1179


1 : 0.005 : 0.001
0.0553, 0.0453, 0.0971, 0.1511, 0.0918, 0.1091
0.0589, 0.0456, 0.1044, 0.1548, 0.097, 0.1118
0.061, 0.0478, 0.1059, 0.1672, 0.0998, 0.1181


1 : 0.005 : 0.01
0.0558, 0.0453, 0.0981, 0.1513, 0.0925, 0.1093
0.0585, 0.0459, 0.1031, 0.1556, 0.0963, 0.1119
0.0614, 0.048, 0.1073, 0.1664, 0.1006, 0.1181


1 : 0.01 : 1e-05
0.0551, 0.0454, 0.0953, 0.1515, 0.0917, 0.1098
0.0587, 0.0453, 0.1044, 0.1525, 0.0965, 0.1106
0.061, 0.0477, 0.1056, 0.1673, 0.0999, 0.1181


1 : 0.01 : 0.0001
0.0551, 0.0454, 0.0953, 0.1515, 0.0917, 0.1098
0.0586, 0.0453, 0.1043, 0.1525, 0.0964, 0.1106
0.061, 0.0477, 0.1056, 0.1673, 0.1, 0.1181


1 : 0.01 : 0.001
0.0552, 0.0454, 0.0955, 0.1517, 0.0917, 0.1097
0.0586, 0.0453, 0.1041, 0.1523, 0.0964, 0.1106
0.0613, 0.0476, 0.1063, 0.1672, 0.1005, 0.1183


1 : 0.01 : 0.01
0.0558, 0.0455, 0.0977, 0.1519, 0.0925, 0.1097
0.0587, 0.0453, 0.1037, 0.1509, 0.0964, 0.1102
0.0609, 0.0479, 0.1062, 0.1663, 0.1005, 0.1183


2 : 0.0001 : 1e-05
0.0522, 0.0436, 0.0884, 0.1439, 0.0846, 0.1024
0.0575, 0.0452, 0.0992, 0.1558, 0.0929, 0.1095
0.0575, 0.0456, 0.1046, 0.1563, 0.0938, 0.1097


2 : 0.0001 : 0.0001
0.0522, 0.0436, 0.0884, 0.1439, 0.0846, 0.1024
0.0575, 0.0452, 0.0992, 0.1558, 0.0929, 0.1095
0.0575, 0.0456, 0.1046, 0.1563, 0.0938, 0.1097


2 : 0.0001 : 0.001
0.0522, 0.0436, 0.0884, 0.1439, 0.0846, 0.1024
0.0575, 0.0452, 0.0992, 0.1558, 0.0929, 0.1095
0.0575, 0.0456, 0.1046, 0.1563, 0.0938, 0.1097


2 : 0.0001 : 0.01
0.0522, 0.0436, 0.0884, 0.1439, 0.0846, 0.1024
0.0576, 0.0453, 0.0994, 0.1559, 0.093, 0.1095
0.0575, 0.0456, 0.1046, 0.1562, 0.0939, 0.1097


2 : 0.0005 : 1e-05
0.0533, 0.0444, 0.0942, 0.1441, 0.0879, 0.1041
0.0591, 0.0458, 0.1019, 0.1557, 0.0946, 0.1099
0.0593, 0.047, 0.1066, 0.1625, 0.0983, 0.1151


2 : 0.0005 : 0.0001
0.0533, 0.0444, 0.0942, 0.1441, 0.0879, 0.1041
0.0591, 0.0458, 0.1019, 0.1557, 0.0946, 0.1099
0.0593, 0.047, 0.1066, 0.1625, 0.0983, 0.1151


2 : 0.0005 : 0.001
0.0532, 0.0444, 0.0936, 0.1441, 0.0877, 0.104
0.0591, 0.0458, 0.1019, 0.1557, 0.0946, 0.1099
0.0593, 0.047, 0.1066, 0.1625, 0.0984, 0.1152


2 : 0.0005 : 0.01
0.0532, 0.0444, 0.0936, 0.1441, 0.0877, 0.1041
0.0592, 0.0458, 0.1019, 0.1563, 0.0946, 0.1101
0.0594, 0.0469, 0.1071, 0.162, 0.0985, 0.115


2 : 0.001 : 1e-05
0.0541, 0.0442, 0.0948, 0.1446, 0.0893, 0.1048
0.0587, 0.0456, 0.1038, 0.1537, 0.0948, 0.1093
0.0591, 0.0465, 0.1064, 0.1618, 0.0988, 0.1154


2 : 0.001 : 0.0001
0.0541, 0.0442, 0.0948, 0.1446, 0.0893, 0.1048
0.0587, 0.0456, 0.1038, 0.1537, 0.0948, 0.1093
0.0591, 0.0465, 0.1064, 0.1618, 0.0988, 0.1154


2 : 0.001 : 0.001
0.0541, 0.0441, 0.0948, 0.144, 0.0893, 0.1047
0.0587, 0.0456, 0.1038, 0.1537, 0.0948, 0.1092
0.0591, 0.0465, 0.1064, 0.1618, 0.0988, 0.1154


2 : 0.001 : 0.01
0.0541, 0.0442, 0.0951, 0.1444, 0.0892, 0.1047
0.0583, 0.0456, 0.1028, 0.1537, 0.0944, 0.1093
0.0591, 0.0465, 0.1062, 0.1618, 0.0986, 0.1153


2 : 0.005 : 1e-05
0.0536, 0.0444, 0.0926, 0.1455, 0.0889, 0.1055
0.0578, 0.0457, 0.1012, 0.152, 0.0936, 0.1088
0.0593, 0.0469, 0.1067, 0.1651, 0.0979, 0.1154


2 : 0.005 : 0.0001
0.0536, 0.0444, 0.0926, 0.1455, 0.0889, 0.1055
0.0578, 0.0457, 0.1012, 0.152, 0.0936, 0.1088
0.0594, 0.0469, 0.107, 0.1651, 0.0981, 0.1154


2 : 0.005 : 0.001
0.0535, 0.0445, 0.0926, 0.1458, 0.0888, 0.1056
0.0579, 0.0459, 0.1013, 0.1531, 0.0936, 0.1091
0.0593, 0.0469, 0.1069, 0.1649, 0.0981, 0.1154


2 : 0.005 : 0.01
0.0534, 0.0444, 0.0924, 0.1443, 0.0887, 0.1052
0.0582, 0.0456, 0.1021, 0.1525, 0.094, 0.1088
0.0596, 0.047, 0.1079, 0.1639, 0.0981, 0.115


2 : 0.01 : 1e-05
0.0536, 0.0445, 0.0916, 0.1452, 0.0885, 0.1054
0.0583, 0.0458, 0.1008, 0.1529, 0.0941, 0.1094
0.0599, 0.0471, 0.1073, 0.1647, 0.0979, 0.1151


2 : 0.01 : 0.0001
0.0536, 0.0446, 0.0916, 0.1457, 0.0885, 0.1055
0.0583, 0.0458, 0.1008, 0.1529, 0.0941, 0.1094
0.0599, 0.0472, 0.1073, 0.165, 0.0979, 0.1152


2 : 0.01 : 0.001
0.0537, 0.0445, 0.0916, 0.145, 0.0885, 0.1053
0.0583, 0.0459, 0.1008, 0.1535, 0.0941, 0.1096
0.0599, 0.0471, 0.1074, 0.165, 0.0977, 0.1148


2 : 0.01 : 0.01
0.0542, 0.0447, 0.092, 0.1461, 0.0894, 0.1063
0.0574, 0.0455, 0.0997, 0.1537, 0.0934, 0.1095
0.0596, 0.0471, 0.1073, 0.1642, 0.0979, 0.115


3 : 0.0001 : 1e-05
0.0532, 0.0435, 0.0896, 0.1422, 0.0862, 0.1026
0.0567, 0.0447, 0.0993, 0.1538, 0.0919, 0.1078
0.0555, 0.0461, 0.0966, 0.1566, 0.0912, 0.1104


3 : 0.0001 : 0.0001
0.0532, 0.0435, 0.0896, 0.1422, 0.0862, 0.1026
0.0567, 0.0447, 0.0993, 0.1538, 0.0919, 0.1078
0.0555, 0.0461, 0.0966, 0.1566, 0.0912, 0.1104


3 : 0.0001 : 0.001
0.0532, 0.0435, 0.0896, 0.1422, 0.0862, 0.1026
0.0567, 0.0447, 0.0993, 0.1538, 0.0919, 0.1078
0.0555, 0.0461, 0.0966, 0.1566, 0.0912, 0.1104


3 : 0.0001 : 0.01
0.0532, 0.0436, 0.0896, 0.1423, 0.0862, 0.1026
0.0567, 0.0447, 0.0993, 0.1538, 0.0919, 0.1077
0.0555, 0.0461, 0.0966, 0.1566, 0.0912, 0.1103


3 : 0.0005 : 1e-05
0.0559, 0.0455, 0.098, 0.1499, 0.092, 0.1082
0.0586, 0.046, 0.1042, 0.1546, 0.0961, 0.111
0.0602, 0.0465, 0.1059, 0.1608, 0.0992, 0.1151


3 : 0.0005 : 0.0001
0.0559, 0.0455, 0.098, 0.1499, 0.092, 0.1082
0.0586, 0.046, 0.1042, 0.1546, 0.0961, 0.111
0.0602, 0.0465, 0.1059, 0.1608, 0.0992, 0.1151


3 : 0.0005 : 0.001
0.0559, 0.0455, 0.098, 0.1499, 0.092, 0.1082
0.0585, 0.046, 0.1041, 0.1546, 0.0961, 0.111
0.0602, 0.0465, 0.1059, 0.1608, 0.0992, 0.1151


3 : 0.0005 : 0.01
0.0559, 0.0454, 0.098, 0.1497, 0.092, 0.1082
0.0585, 0.046, 0.1042, 0.1544, 0.0961, 0.1109
0.0601, 0.0464, 0.1054, 0.1605, 0.099, 0.115


3 : 0.001 : 1e-05
0.0573, 0.0455, 0.1006, 0.1494, 0.0938, 0.1089
0.0588, 0.0462, 0.1059, 0.1543, 0.0968, 0.1113
0.0606, 0.047, 0.1076, 0.1624, 0.0999, 0.1159


3 : 0.001 : 0.0001
0.0573, 0.0455, 0.1006, 0.1494, 0.0938, 0.1089
0.0588, 0.0462, 0.1059, 0.1543, 0.0968, 0.1113
0.0606, 0.047, 0.1076, 0.1624, 0.0999, 0.1159


3 : 0.001 : 0.001
0.0573, 0.0455, 0.1006, 0.1494, 0.0938, 0.1089
0.0588, 0.0462, 0.1059, 0.1543, 0.0968, 0.1113
0.0605, 0.0471, 0.107, 0.1624, 0.0997, 0.116


3 : 0.001 : 0.01
0.0574, 0.0456, 0.1006, 0.15, 0.0939, 0.1091
0.0588, 0.0462, 0.1059, 0.1544, 0.0968, 0.1113
0.0605, 0.0472, 0.1066, 0.1625, 0.0996, 0.116


3 : 0.005 : 1e-05
0.0559, 0.0454, 0.0973, 0.1504, 0.0924, 0.1089
0.0581, 0.0456, 0.1038, 0.1537, 0.0964, 0.1113
0.0613, 0.0477, 0.1091, 0.1661, 0.101, 0.1177


3 : 0.005 : 0.0001
0.0559, 0.0454, 0.0973, 0.1504, 0.0924, 0.1089
0.0581, 0.0456, 0.1038, 0.1537, 0.0964, 0.1113
0.0613, 0.0477, 0.1091, 0.1661, 0.101, 0.1177


3 : 0.005 : 0.001
0.0557, 0.0454, 0.0971, 0.1501, 0.0923, 0.1089
0.0581, 0.0456, 0.1038, 0.1537, 0.0964, 0.1114
0.0614, 0.0476, 0.1092, 0.1658, 0.1013, 0.1178


3 : 0.005 : 0.01
0.0559, 0.0454, 0.098, 0.15, 0.0923, 0.1086
0.0578, 0.0453, 0.1028, 0.1521, 0.0956, 0.1104
0.061, 0.0476, 0.1084, 0.1669, 0.1009, 0.1181


3 : 0.01 : 1e-05
0.0565, 0.0458, 0.0976, 0.1505, 0.0932, 0.1097
0.0587, 0.0454, 0.1045, 0.1521, 0.0966, 0.1107
0.0601, 0.0477, 0.1069, 0.1677, 0.0995, 0.1177


3 : 0.01 : 0.0001
0.0565, 0.0458, 0.0976, 0.1505, 0.0932, 0.1097
0.0587, 0.0454, 0.1039, 0.1521, 0.0965, 0.1106
0.0601, 0.0478, 0.1069, 0.1678, 0.0995, 0.1177


3 : 0.01 : 0.001
0.0562, 0.0457, 0.0974, 0.1503, 0.093, 0.1096
0.0589, 0.0453, 0.1041, 0.152, 0.0966, 0.1106
0.0602, 0.0478, 0.1069, 0.1677, 0.0996, 0.1177


3 : 0.01 : 0.01
0.0563, 0.0455, 0.0987, 0.1501, 0.0937, 0.1099
0.0583, 0.0453, 0.1033, 0.1515, 0.0964, 0.1107
0.0604, 0.0476, 0.1085, 0.1672, 0.0999, 0.1172


4 : 0.0001 : 1e-05
0.0527, 0.0431, 0.0898, 0.1425, 0.0858, 0.1024
0.058, 0.045, 0.1022, 0.1522, 0.0949, 0.1096
0.057, 0.0452, 0.1016, 0.153, 0.093, 0.1088


4 : 0.0001 : 0.0001
0.0527, 0.0431, 0.0898, 0.1425, 0.0858, 0.1024
0.058, 0.045, 0.1022, 0.1522, 0.0949, 0.1096
0.057, 0.0452, 0.1016, 0.153, 0.093, 0.1088


4 : 0.0001 : 0.001
0.0527, 0.0431, 0.0898, 0.1425, 0.0858, 0.1024
0.058, 0.045, 0.1022, 0.1522, 0.0949, 0.1096
0.057, 0.0452, 0.1016, 0.153, 0.093, 0.1088


4 : 0.0001 : 0.01
0.0527, 0.0431, 0.0898, 0.1423, 0.0858, 0.1023
0.058, 0.045, 0.1022, 0.1522, 0.0949, 0.1096
0.057, 0.0452, 0.1016, 0.1525, 0.093, 0.1086


4 : 0.0005 : 1e-05
0.0551, 0.044, 0.094, 0.1431, 0.0914, 0.1064
0.0579, 0.0456, 0.1022, 0.1518, 0.095, 0.1098
0.0597, 0.0467, 0.1048, 0.1598, 0.0977, 0.1142


4 : 0.0005 : 0.0001
0.0551, 0.044, 0.094, 0.1431, 0.0914, 0.1064
0.0579, 0.0456, 0.1022, 0.1518, 0.095, 0.1098
0.0597, 0.0467, 0.1048, 0.1598, 0.0977, 0.1142


4 : 0.0005 : 0.001
0.0551, 0.044, 0.094, 0.1431, 0.0914, 0.1064
0.0579, 0.0456, 0.1022, 0.1518, 0.095, 0.1098
0.0596, 0.0467, 0.1047, 0.1598, 0.0976, 0.1142


4 : 0.0005 : 0.01
0.055, 0.0441, 0.0939, 0.1432, 0.0914, 0.1065
0.058, 0.0454, 0.1022, 0.1517, 0.0952, 0.1097
0.0597, 0.0467, 0.1046, 0.1596, 0.0976, 0.1141


4 : 0.001 : 1e-05
0.0535, 0.0443, 0.0924, 0.1465, 0.0902, 0.1074
0.0581, 0.0452, 0.1041, 0.1508, 0.0955, 0.1093
0.0583, 0.0466, 0.1039, 0.1614, 0.0967, 0.1142


4 : 0.001 : 0.0001
0.0535, 0.0443, 0.0924, 0.1465, 0.0902, 0.1074
0.0581, 0.0452, 0.1041, 0.1508, 0.0955, 0.1093
0.0583, 0.0466, 0.1039, 0.1614, 0.0967, 0.1142


4 : 0.001 : 0.001
0.0535, 0.0443, 0.0924, 0.1465, 0.0901, 0.1074
0.0581, 0.0452, 0.1041, 0.1508, 0.0955, 0.1093
0.0583, 0.0466, 0.1039, 0.1614, 0.0968, 0.1142


4 : 0.001 : 0.01
0.0537, 0.0441, 0.093, 0.1458, 0.0904, 0.1072
0.0582, 0.0454, 0.1042, 0.1512, 0.0954, 0.1092
0.0586, 0.0466, 0.1041, 0.1614, 0.0969, 0.1142


4 : 0.005 : 1e-05
0.0541, 0.0452, 0.0928, 0.1501, 0.0897, 0.1078
0.0588, 0.045, 0.1052, 0.1512, 0.096, 0.1093
0.0598, 0.0463, 0.1075, 0.1603, 0.0988, 0.1142


4 : 0.005 : 0.0001
0.054, 0.0452, 0.0927, 0.1501, 0.0896, 0.1078
0.0588, 0.045, 0.1052, 0.1512, 0.096, 0.1093
0.0598, 0.0463, 0.1075, 0.1603, 0.0988, 0.1142


4 : 0.005 : 0.001
0.0541, 0.045, 0.0928, 0.1494, 0.0897, 0.1076
0.0588, 0.0449, 0.1052, 0.1512, 0.096, 0.1093
0.0598, 0.0462, 0.1075, 0.1606, 0.0987, 0.1142


4 : 0.005 : 0.01
0.0546, 0.0448, 0.0935, 0.1486, 0.0903, 0.1074
0.0586, 0.0449, 0.1045, 0.1506, 0.0962, 0.1095
0.0596, 0.0462, 0.1065, 0.1614, 0.0984, 0.1144


4 : 0.01 : 1e-05
0.0544, 0.045, 0.0915, 0.1486, 0.0895, 0.1074
0.0586, 0.045, 0.1031, 0.1504, 0.0955, 0.1092
0.0599, 0.0467, 0.1071, 0.1626, 0.0982, 0.1144


4 : 0.01 : 0.0001
0.0545, 0.045, 0.092, 0.1486, 0.0899, 0.1075
0.0586, 0.045, 0.1031, 0.1504, 0.0955, 0.1091
0.06, 0.0467, 0.1072, 0.1628, 0.0983, 0.1145


4 : 0.01 : 0.001
0.0543, 0.0452, 0.0919, 0.1489, 0.09, 0.1079
0.0585, 0.045, 0.1025, 0.1509, 0.0954, 0.1094
0.06, 0.0466, 0.1072, 0.1625, 0.0984, 0.1145


4 : 0.01 : 0.01
0.0541, 0.045, 0.0914, 0.1492, 0.0892, 0.1075
0.0587, 0.0449, 0.1036, 0.1505, 0.0962, 0.1097
0.0594, 0.0468, 0.1071, 0.1625, 0.0969, 0.1135


5 : 0.0001 : 1e-05
0.0541, 0.0444, 0.09, 0.1465, 0.0871, 0.1045
0.0571, 0.0444, 0.1019, 0.1476, 0.0937, 0.1072
0.0552, 0.046, 0.0949, 0.1578, 0.0911, 0.1108


5 : 0.0001 : 0.0001
0.0541, 0.0444, 0.09, 0.1465, 0.0871, 0.1045
0.0571, 0.0444, 0.1019, 0.1476, 0.0937, 0.1072
0.0552, 0.046, 0.0949, 0.1578, 0.0911, 0.1108


5 : 0.0001 : 0.001
0.0541, 0.0444, 0.09, 0.1465, 0.0871, 0.1045