1 : 0.0001 : 1e-05
0.1025, 0.0806, 0.101, 0.1535, 0.1294, 0.145
0.0999, 0.0798, 0.0977, 0.1538, 0.1266, 0.1439
0.1055, 0.0802, 0.1005, 0.1469, 0.1327, 0.1438
1 : 0.0001 : 0.0001
0.1025, 0.0806, 0.101, 0.1535, 0.1294, 0.145
0.0999, 0.0798, 0.0977, 0.1538, 0.1266, 0.1439
0.1054, 0.0802, 0.1004, 0.1469, 0.1326, 0.1438
1 : 0.0001 : 0.001
0.1025, 0.0806, 0.101, 0.1535, 0.1294, 0.145
0.0999, 0.0798, 0.0977, 0.1538, 0.1266, 0.1439
0.1054, 0.0802, 0.1004, 0.1469, 0.1326, 0.1438
1 : 0.0001 : 0.01
0.1025, 0.0806, 0.101, 0.1535, 0.1294, 0.145
0.0999, 0.0797, 0.0977, 0.1536, 0.1266, 0.1439
0.1053, 0.0801, 0.1003, 0.1467, 0.1325, 0.1437
1 : 0.0005 : 1e-05
0.1093, 0.0861, 0.1095, 0.1668, 0.1399, 0.1571
0.1063, 0.0838, 0.1064, 0.1642, 0.1363, 0.154
0.1115, 0.0854, 0.1097, 0.1617, 0.1409, 0.1548
1 : 0.0005 : 0.0001
0.1093, 0.0861, 0.1095, 0.1668, 0.1399, 0.1571
0.1063, 0.0838, 0.1064, 0.1642, 0.1363, 0.154
0.1115, 0.0854, 0.1097, 0.1617, 0.1409, 0.1548
1 : 0.0005 : 0.001
0.1093, 0.0862, 0.1095, 0.1668, 0.14, 0.1572
0.1063, 0.0838, 0.1062, 0.1642, 0.1363, 0.1541
0.1115, 0.0854, 0.1097, 0.1617, 0.141, 0.1549
1 : 0.0005 : 0.01
0.1093, 0.086, 0.1093, 0.1666, 0.1399, 0.157
0.1064, 0.0839, 0.1063, 0.1643, 0.1364, 0.1541
0.1113, 0.0852, 0.1096, 0.1616, 0.1407, 0.1546
1 : 0.001 : 1e-05
0.1108, 0.0865, 0.1111, 0.1681, 0.1411, 0.1579
0.1088, 0.0845, 0.1108, 0.1658, 0.1398, 0.1564
0.1152, 0.0871, 0.1137, 0.1658, 0.1449, 0.1585
1 : 0.001 : 0.0001
0.1108, 0.0865, 0.1111, 0.1681, 0.1411, 0.1579
0.1088, 0.0845, 0.1108, 0.1658, 0.1398, 0.1564
0.1152, 0.0871, 0.1137, 0.1658, 0.1449, 0.1585
1 : 0.001 : 0.001
0.1107, 0.0864, 0.111, 0.1679, 0.1409, 0.1577
0.1088, 0.0844, 0.1108, 0.1657, 0.1398, 0.1563
0.1152, 0.0871, 0.1137, 0.1658, 0.1449, 0.1585
1 : 0.001 : 0.01
0.1103, 0.0864, 0.1105, 0.1678, 0.1407, 0.1577
0.1091, 0.0845, 0.1111, 0.1656, 0.1401, 0.1563
0.1148, 0.0871, 0.1133, 0.1656, 0.1446, 0.1584
1 : 0.005 : 1e-05
0.1112, 0.0869, 0.1119, 0.1705, 0.1427, 0.1601
0.1102, 0.0841, 0.1127, 0.166, 0.1417, 0.1572
0.1148, 0.0876, 0.1128, 0.1676, 0.1445, 0.159
1 : 0.005 : 0.0001
0.1112, 0.0869, 0.1119, 0.1705, 0.1427, 0.1601
0.1102, 0.0841, 0.1127, 0.166, 0.1417, 0.1571
0.1148, 0.0876, 0.1128, 0.1676, 0.1445, 0.159
1 : 0.005 : 0.001
0.1112, 0.0869, 0.1119, 0.1703, 0.1427, 0.1601
0.1102, 0.0842, 0.1127, 0.1664, 0.1418, 0.1574
0.1149, 0.0876, 0.1129, 0.1676, 0.1446, 0.159
1 : 0.005 : 0.01
0.1112, 0.0869, 0.1118, 0.1703, 0.1427, 0.16
0.1095, 0.0837, 0.1121, 0.1655, 0.1412, 0.1568
0.1151, 0.0876, 0.1132, 0.1678, 0.1447, 0.159
1 : 0.01 : 1e-05
0.1114, 0.0875, 0.1123, 0.1714, 0.1426, 0.1604
0.1104, 0.0842, 0.1131, 0.1657, 0.1419, 0.1571
0.1142, 0.0875, 0.1116, 0.1671, 0.1445, 0.1594
1 : 0.01 : 0.0001
0.1115, 0.0875, 0.1123, 0.1714, 0.1427, 0.1604
0.1104, 0.0842, 0.1131, 0.1657, 0.1419, 0.1571
0.1142, 0.0875, 0.1116, 0.1671, 0.1444, 0.1594
1 : 0.01 : 0.001
0.1116, 0.0874, 0.1127, 0.1708, 0.1429, 0.1603
0.1107, 0.0843, 0.1133, 0.166, 0.1422, 0.1574
0.1143, 0.0876, 0.1118, 0.1675, 0.1445, 0.1595
1 : 0.01 : 0.01
0.1115, 0.0874, 0.1126, 0.1709, 0.1432, 0.1606
0.1105, 0.0842, 0.1123, 0.1665, 0.1421, 0.1575
0.1146, 0.0876, 0.1125, 0.1679, 0.1446, 0.1592
2 : 0.0001 : 1e-05
0.1074, 0.0845, 0.1074, 0.1647, 0.1364, 0.1535
0.1045, 0.0837, 0.1054, 0.165, 0.1331, 0.1523
0.1122, 0.0849, 0.1076, 0.1585, 0.141, 0.1535
2 : 0.0001 : 0.0001
0.1074, 0.0845, 0.1074, 0.1647, 0.1364, 0.1535
0.1045, 0.0837, 0.1054, 0.165, 0.1331, 0.1523
0.1122, 0.0849, 0.1076, 0.1585, 0.141, 0.1535
2 : 0.0001 : 0.001
0.1074, 0.0845, 0.1074, 0.1647, 0.1364, 0.1535
0.1045, 0.0837, 0.1054, 0.165, 0.1331, 0.1523
0.1122, 0.0849, 0.1076, 0.1585, 0.1411, 0.1536
2 : 0.0001 : 0.01
0.1075, 0.0846, 0.1076, 0.165, 0.1365, 0.1537
0.1045, 0.0837, 0.1054, 0.165, 0.1331, 0.1523
0.1123, 0.0851, 0.1078, 0.1588, 0.1412, 0.1537
2 : 0.0005 : 1e-05
0.1098, 0.085, 0.11, 0.1645, 0.1402, 0.1561
0.1064, 0.0835, 0.1072, 0.1646, 0.1361, 0.1541
0.1133, 0.0872, 0.1104, 0.1651, 0.1428, 0.1574
2 : 0.0005 : 0.0001
0.1098, 0.0851, 0.11, 0.1646, 0.1402, 0.1562
0.1064, 0.0835, 0.1072, 0.1646, 0.1361, 0.1541
0.1133, 0.0872, 0.1104, 0.1651, 0.1428, 0.1574
2 : 0.0005 : 0.001
0.1098, 0.0849, 0.11, 0.1644, 0.1403, 0.1561
0.1064, 0.0835, 0.1072, 0.1646, 0.1361, 0.1541
0.1133, 0.0872, 0.1104, 0.1651, 0.1428, 0.1574
2 : 0.0005 : 0.01
0.1099, 0.0849, 0.1097, 0.1645, 0.1402, 0.156
0.1064, 0.0834, 0.1072, 0.1646, 0.1359, 0.1539
0.1134, 0.0872, 0.1104, 0.1651, 0.1432, 0.1577
2 : 0.001 : 1e-05
0.1115, 0.0847, 0.1113, 0.1639, 0.1416, 0.1561
0.1066, 0.0843, 0.1073, 0.1668, 0.1363, 0.1552
0.113, 0.0873, 0.1101, 0.1652, 0.1439, 0.1589
2 : 0.001 : 0.0001
0.1115, 0.0847, 0.1113, 0.1639, 0.1416, 0.1561
0.1066, 0.0843, 0.1073, 0.1668, 0.1363, 0.1552
0.113, 0.0873, 0.1101, 0.1652, 0.1439, 0.1589
2 : 0.001 : 0.001
0.1114, 0.0846, 0.1111, 0.1638, 0.1415, 0.1561
0.1067, 0.0843, 0.1074, 0.1668, 0.1364, 0.1552
0.1129, 0.0873, 0.1101, 0.1652, 0.1439, 0.1589
2 : 0.001 : 0.01
0.1114, 0.0847, 0.1112, 0.1641, 0.1414, 0.156
0.1068, 0.0843, 0.1074, 0.1668, 0.1367, 0.1554
0.1125, 0.0871, 0.1098, 0.1649, 0.1434, 0.1585
2 : 0.005 : 1e-05
0.111, 0.0839, 0.1107, 0.1632, 0.1416, 0.1559
0.1095, 0.0841, 0.1107, 0.1648, 0.1389, 0.155
0.113, 0.0861, 0.1104, 0.1635, 0.1431, 0.157
2 : 0.005 : 0.0001
0.111, 0.0839, 0.1107, 0.1632, 0.1416, 0.1559
0.1095, 0.0841, 0.1107, 0.1648, 0.1389, 0.155
0.113, 0.0861, 0.1104, 0.1635, 0.1431, 0.1571
2 : 0.005 : 0.001
0.1108, 0.0839, 0.1105, 0.1632, 0.1414, 0.1558
0.1095, 0.0841, 0.1106, 0.1648, 0.1388, 0.1549
0.113, 0.086, 0.1104, 0.1634, 0.1431, 0.157
2 : 0.005 : 0.01
0.1108, 0.0835, 0.1106, 0.1632, 0.1416, 0.1557
0.11, 0.0838, 0.1111, 0.1642, 0.1388, 0.1543
0.1124, 0.0861, 0.1104, 0.164, 0.1426, 0.157
2 : 0.01 : 1e-05
0.11, 0.0838, 0.109, 0.1635, 0.1409, 0.156
0.1093, 0.0839, 0.1109, 0.1638, 0.1384, 0.1542
0.1123, 0.0861, 0.1097, 0.1642, 0.1424, 0.1569
2 : 0.01 : 0.0001
0.1099, 0.0838, 0.109, 0.1635, 0.1408, 0.156
0.1093, 0.0839, 0.1109, 0.1638, 0.1384, 0.1542
0.1123, 0.0861, 0.1097, 0.1642, 0.1424, 0.1569
2 : 0.01 : 0.001
0.1102, 0.0836, 0.1093, 0.1634, 0.1412, 0.1559
0.1092, 0.0838, 0.1107, 0.164, 0.1381, 0.1541
0.1122, 0.0861, 0.1096, 0.1643, 0.1423, 0.1569
2 : 0.01 : 0.01
0.1099, 0.0839, 0.109, 0.1648, 0.1407, 0.156
0.1095, 0.0836, 0.1103, 0.1638, 0.1385, 0.1543
0.1125, 0.0856, 0.1099, 0.1629, 0.1424, 0.1562
3 : 0.0001 : 1e-05
0.1076, 0.083, 0.106, 0.1605, 0.1366, 0.1518
0.1045, 0.0808, 0.1056, 0.1589, 0.1329, 0.1488
0.11, 0.0842, 0.1059, 0.1579, 0.1383, 0.1515
3 : 0.0001 : 0.0001
0.1076, 0.083, 0.106, 0.1605, 0.1366, 0.1518
0.1046, 0.0808, 0.1057, 0.1589, 0.133, 0.1488
0.11, 0.0842, 0.1059, 0.1579, 0.1383, 0.1515
3 : 0.0001 : 0.001
0.1076, 0.083, 0.106, 0.1605, 0.1366, 0.1517
0.1046, 0.0808, 0.1057, 0.1589, 0.133, 0.1488
0.11, 0.0842, 0.1059, 0.1579, 0.1383, 0.1515
3 : 0.0001 : 0.01
0.1076, 0.0831, 0.106, 0.1607, 0.1366, 0.1518
0.1046, 0.0807, 0.1057, 0.1587, 0.133, 0.1488
0.11, 0.0842, 0.1059, 0.1579, 0.1383, 0.1515
3 : 0.0005 : 1e-05
0.1108, 0.0861, 0.1107, 0.1684, 0.1413, 0.1581
0.1075, 0.0835, 0.1085, 0.1636, 0.1376, 0.1541
0.1124, 0.0874, 0.11, 0.1664, 0.1419, 0.1574
3 : 0.0005 : 0.0001
0.1108, 0.0861, 0.1107, 0.1684, 0.1413, 0.1581
0.1075, 0.0835, 0.1085, 0.1636, 0.1376, 0.1541
0.1124, 0.0874, 0.11, 0.1664, 0.1419, 0.1574
3 : 0.0005 : 0.001
0.1108, 0.0861, 0.1107, 0.1682, 0.1412, 0.1579
0.1075, 0.0835, 0.1085, 0.1636, 0.1376, 0.1542
0.1125, 0.0874, 0.1102, 0.1664, 0.142, 0.1574
3 : 0.0005 : 0.01
0.1109, 0.086, 0.1108, 0.1681, 0.1413, 0.1578
0.1075, 0.0835, 0.1084, 0.1636, 0.1377, 0.1543
0.1124, 0.0874, 0.1101, 0.1663, 0.1418, 0.1573
3 : 0.001 : 1e-05
0.1118, 0.087, 0.1117, 0.1693, 0.143, 0.1599
0.1095, 0.0843, 0.1111, 0.1653, 0.1397, 0.1557
0.1136, 0.0882, 0.1118, 0.168, 0.1436, 0.159
3 : 0.001 : 0.0001
0.1118, 0.087, 0.1117, 0.1693, 0.143, 0.1599
0.1095, 0.0843, 0.1111, 0.1653, 0.1397, 0.1557
0.1136, 0.0882, 0.1118, 0.168, 0.1436, 0.159
3 : 0.001 : 0.001
0.1118, 0.087, 0.1116, 0.1693, 0.1429, 0.1598
0.1096, 0.0842, 0.1112, 0.1653, 0.1398, 0.1557
0.1135, 0.0881, 0.1117, 0.168, 0.1435, 0.159
3 : 0.001 : 0.01
0.1116, 0.0871, 0.1116, 0.1695, 0.1428, 0.1599
0.1096, 0.084, 0.111, 0.1649, 0.14, 0.1557
0.1133, 0.0881, 0.1116, 0.1679, 0.1433, 0.1589
3 : 0.005 : 1e-05
0.1118, 0.0868, 0.1119, 0.1694, 0.143, 0.1599
0.1096, 0.0846, 0.1113, 0.1657, 0.1407, 0.1568
0.112, 0.0885, 0.1103, 0.1689, 0.1425, 0.1595
3 : 0.005 : 0.0001
0.1118, 0.0869, 0.1119, 0.1695, 0.1431, 0.16
0.1096, 0.0846, 0.1113, 0.1657, 0.1407, 0.1568
0.112, 0.0885, 0.1103, 0.1689, 0.1425, 0.1595
3 : 0.005 : 0.001
0.1116, 0.0869, 0.1118, 0.1696, 0.143, 0.1601
0.1098, 0.0846, 0.1116, 0.1656, 0.1408, 0.1568
0.112, 0.0884, 0.1104, 0.1684, 0.1426, 0.1595
3 : 0.005 : 0.01
0.112, 0.0863, 0.1118, 0.1684, 0.143, 0.1593
0.1098, 0.0845, 0.1114, 0.1655, 0.1407, 0.1564
0.1116, 0.0877, 0.1105, 0.1677, 0.1423, 0.1588
3 : 0.01 : 1e-05
0.1124, 0.0863, 0.1126, 0.1686, 0.1435, 0.1595
0.1102, 0.0846, 0.1119, 0.1649, 0.1408, 0.1565
0.1115, 0.0877, 0.1096, 0.167, 0.1416, 0.1581
3 : 0.01 : 0.0001
0.1125, 0.0863, 0.1127, 0.1686, 0.1435, 0.1595
0.1103, 0.0846, 0.1121, 0.1649, 0.1409, 0.1565
0.1116, 0.0877, 0.1096, 0.167, 0.1417, 0.1581
3 : 0.01 : 0.001
0.1125, 0.0863, 0.1127, 0.1686, 0.1432, 0.1593
0.1104, 0.0846, 0.1122, 0.165, 0.1411, 0.1566
0.1119, 0.088, 0.11, 0.1677, 0.142, 0.1584
3 : 0.01 : 0.01
0.1125, 0.0866, 0.1133, 0.1697, 0.1443, 0.1604
0.1095, 0.0844, 0.1109, 0.1648, 0.1407, 0.1567
0.1115, 0.0874, 0.1098, 0.1667, 0.142, 0.158
4 : 0.0001 : 1e-05
0.1089, 0.0835, 0.1088, 0.1623, 0.1369, 0.152
0.1029, 0.0818, 0.1031, 0.1616, 0.1314, 0.1498
0.1097, 0.0836, 0.1053, 0.1578, 0.1378, 0.1513
4 : 0.0001 : 0.0001
0.1089, 0.0835, 0.1088, 0.1623, 0.1369, 0.152
0.1029, 0.0818, 0.1031, 0.1616, 0.1314, 0.1498
0.1097, 0.0836, 0.1053, 0.1578, 0.1378, 0.1513
4 : 0.0001 : 0.001
0.1088, 0.0835, 0.1087, 0.1623, 0.1368, 0.152
0.1029, 0.0818, 0.1031, 0.1616, 0.1314, 0.1498
0.1097, 0.0836, 0.1053, 0.1578, 0.1378, 0.1513
4 : 0.0001 : 0.01
0.1088, 0.0835, 0.1088, 0.1623, 0.1368, 0.152
0.1029, 0.0817, 0.1031, 0.1614, 0.1314, 0.1497
0.1097, 0.0836, 0.1053, 0.1578, 0.1377, 0.1513
4 : 0.0005 : 1e-05
0.1104, 0.0862, 0.1103, 0.168, 0.1406, 0.1579
0.1059, 0.0843, 0.1074, 0.1651, 0.1365, 0.155
0.1124, 0.0871, 0.1101, 0.1661, 0.1427, 0.1581
4 : 0.0005 : 0.0001
0.1104, 0.0862, 0.1103, 0.168, 0.1406, 0.1579
0.1059, 0.0843, 0.1074, 0.1651, 0.1365, 0.155
0.1124, 0.0871, 0.1101, 0.1661, 0.1427, 0.1581
4 : 0.0005 : 0.001
0.1104, 0.0862, 0.1103, 0.168, 0.1406, 0.1579
0.1059, 0.0843, 0.1074, 0.1651, 0.1365, 0.155
0.1124, 0.0871, 0.1101, 0.1661, 0.1427, 0.1581
4 : 0.0005 : 0.01
0.1104, 0.0863, 0.1103, 0.1681, 0.1405, 0.1579
0.1059, 0.0843, 0.1076, 0.1652, 0.1364, 0.155
0.1126, 0.087, 0.1103, 0.1659, 0.1428, 0.158
4 : 0.001 : 1e-05
0.1113, 0.0865, 0.1117, 0.1679, 0.1419, 0.1585
0.1067, 0.0843, 0.1077, 0.1656, 0.1369, 0.1551
0.1125, 0.0869, 0.1102, 0.1648, 0.1428, 0.1575
4 : 0.001 : 0.0001
0.1113, 0.0865, 0.1117, 0.1679, 0.1419, 0.1585
0.1067, 0.0843, 0.1077, 0.1656, 0.1369, 0.1551
0.1124, 0.0869, 0.1101, 0.1648, 0.1427, 0.1575
4 : 0.001 : 0.001
0.1113, 0.0865, 0.1117, 0.1679, 0.142, 0.1585
0.1067, 0.0842, 0.1077, 0.1655, 0.1369, 0.1551
0.1125, 0.0869, 0.1103, 0.1648, 0.1428, 0.1575
4 : 0.001 : 0.01
0.1111, 0.0865, 0.1113, 0.1677, 0.142, 0.1586
0.1071, 0.0841, 0.1081, 0.1653, 0.1375, 0.1552
0.1127, 0.0868, 0.1105, 0.1649, 0.1431, 0.1577
4 : 0.005 : 1e-05
0.1114, 0.0848, 0.112, 0.1656, 0.143, 0.1578
0.1074, 0.0837, 0.1086, 0.1644, 0.1378, 0.1548
0.1122, 0.0868, 0.1095, 0.1651, 0.1423, 0.1574
4 : 0.005 : 0.0001
0.1114, 0.0848, 0.112, 0.1656, 0.143, 0.1579
0.1075, 0.0837, 0.1087, 0.1644, 0.1379, 0.1548
0.1121, 0.0868, 0.1094, 0.1651, 0.1422, 0.1573
4 : 0.005 : 0.001
0.1112, 0.0848, 0.1117, 0.1655, 0.143, 0.158
0.1075, 0.0838, 0.1087, 0.1645, 0.1378, 0.1548
0.1122, 0.0865, 0.1095, 0.1648, 0.1422, 0.1571
4 : 0.005 : 0.01
0.112, 0.0845, 0.1128, 0.1646, 0.1437, 0.1577
0.1065, 0.0847, 0.1072, 0.1664, 0.1372, 0.156
0.1118, 0.0865, 0.1092, 0.1646, 0.1424, 0.1574
4 : 0.01 : 1e-05
0.1107, 0.0851, 0.111, 0.1669, 0.1423, 0.1582
0.108, 0.0838, 0.1091, 0.1645, 0.1381, 0.1548
0.1124, 0.087, 0.1093, 0.166, 0.1423, 0.1575
4 : 0.01 : 0.0001
0.1107, 0.0851, 0.111, 0.1669, 0.1423, 0.1582
0.108, 0.0838, 0.1091, 0.1645, 0.1381, 0.1548
0.1124, 0.087, 0.1093, 0.166, 0.1423, 0.1575
4 : 0.01 : 0.001
0.1109, 0.085, 0.1114, 0.1668, 0.1425, 0.1582
0.1076, 0.0841, 0.1087, 0.1648, 0.1379, 0.1551
0.112, 0.0868, 0.1088, 0.1656, 0.1422, 0.1575
4 : 0.01 : 0.01
0.1114, 0.0843, 0.1123, 0.1655, 0.143, 0.1575
0.1074, 0.0846, 0.1094, 0.1654, 0.1383, 0.156
0.1115, 0.0866, 0.1087, 0.1664, 0.1416, 0.1574
5 : 0.0001 : 1e-05
0.1071, 0.0827, 0.1058, 0.1601, 0.1367, 0.1521
0.1046, 0.0808, 0.1062, 0.1599, 0.1328, 0.1489
0.1077, 0.0844, 0.1036, 0.1581, 0.1371, 0.1522
5 : 0.0001 : 0.0001
0.1071, 0.0827, 0.1058, 0.1601, 0.1367, 0.1521
0.1046, 0.0808, 0.1062, 0.1599, 0.1328, 0.1489
0.1077, 0.0844, 0.1036, 0.1581, 0.1371, 0.1522
5 : 0.0001 : 0.001
0.1071, 0.0827, 0.1058, 0.1601, 0.1367, 0.152