1 : 0.0001 : 1e-05
0.1076, 0.082, 0.098, 0.1437, 0.1325, 0.1421
0.1043, 0.0819, 0.0955, 0.1459, 0.1285, 0.1412
0.1039, 0.0819, 0.0927, 0.1445, 0.1284, 0.1409
1 : 0.0001 : 0.0001
0.1076, 0.082, 0.098, 0.1437, 0.1325, 0.1421
0.1044, 0.0819, 0.0955, 0.1459, 0.1286, 0.1412
0.1039, 0.0819, 0.0927, 0.1445, 0.1284, 0.1409
1 : 0.0001 : 0.001
0.1076, 0.082, 0.098, 0.1437, 0.1325, 0.1421
0.1044, 0.0819, 0.0955, 0.1459, 0.1286, 0.1412
0.1039, 0.0819, 0.0927, 0.1445, 0.1284, 0.1409
1 : 0.0001 : 0.01
0.1076, 0.082, 0.098, 0.1437, 0.1325, 0.1421
0.1043, 0.0819, 0.0955, 0.1459, 0.1285, 0.1412
0.1039, 0.0819, 0.0927, 0.1445, 0.1284, 0.1408
1 : 0.0005 : 1e-05
0.1159, 0.087, 0.1079, 0.1555, 0.1449, 0.1543
0.1143, 0.0878, 0.1062, 0.1593, 0.1384, 0.1513
0.1128, 0.0876, 0.1035, 0.1569, 0.1396, 0.1526
1 : 0.0005 : 0.0001
0.1159, 0.087, 0.1079, 0.1555, 0.1449, 0.1543
0.1143, 0.0878, 0.1062, 0.1593, 0.1384, 0.1513
0.1128, 0.0876, 0.1035, 0.1569, 0.1396, 0.1526
1 : 0.0005 : 0.001
0.1158, 0.087, 0.1079, 0.1555, 0.1448, 0.1543
0.1143, 0.0878, 0.1062, 0.1592, 0.1384, 0.1512
0.1128, 0.0875, 0.1035, 0.1569, 0.1396, 0.1525
1 : 0.0005 : 0.01
0.1156, 0.0869, 0.1078, 0.1555, 0.1447, 0.1543
0.1143, 0.0879, 0.1062, 0.1593, 0.1384, 0.1513
0.1126, 0.0876, 0.1032, 0.1572, 0.1394, 0.1526
1 : 0.001 : 1e-05
0.1157, 0.0877, 0.1079, 0.1571, 0.1455, 0.156
0.1159, 0.0889, 0.1072, 0.1615, 0.1418, 0.1547
0.1151, 0.0881, 0.1055, 0.1576, 0.1423, 0.1542
1 : 0.001 : 0.0001
0.1157, 0.0877, 0.1079, 0.1571, 0.1455, 0.156
0.1159, 0.0889, 0.1072, 0.1615, 0.1418, 0.1547
0.1151, 0.0881, 0.1055, 0.1576, 0.1423, 0.1542
1 : 0.001 : 0.001
0.1157, 0.0877, 0.1079, 0.1571, 0.1456, 0.1561
0.1159, 0.0889, 0.1072, 0.1615, 0.1418, 0.1546
0.1151, 0.0881, 0.1055, 0.1576, 0.1424, 0.1542
1 : 0.001 : 0.01
0.1158, 0.0876, 0.1078, 0.157, 0.1456, 0.156
0.116, 0.0889, 0.1073, 0.1615, 0.1419, 0.1547
0.1148, 0.0879, 0.1053, 0.1571, 0.1422, 0.154
1 : 0.005 : 1e-05
0.1148, 0.0881, 0.106, 0.1574, 0.1445, 0.156
0.1174, 0.0885, 0.1082, 0.1595, 0.143, 0.1543
0.1147, 0.0893, 0.1062, 0.1604, 0.1429, 0.1564
1 : 0.005 : 0.0001
0.1149, 0.0881, 0.1063, 0.1574, 0.1446, 0.156
0.1174, 0.0885, 0.1082, 0.1595, 0.143, 0.1543
0.1147, 0.0893, 0.1062, 0.1604, 0.1428, 0.1564
1 : 0.005 : 0.001
0.1148, 0.0882, 0.1062, 0.1579, 0.1445, 0.1561
0.1174, 0.0884, 0.1082, 0.1592, 0.1429, 0.1541
0.1147, 0.0892, 0.1062, 0.16, 0.1428, 0.1562
1 : 0.005 : 0.01
0.1152, 0.0883, 0.1064, 0.1584, 0.1445, 0.1561
0.117, 0.0882, 0.1082, 0.1582, 0.1427, 0.1537
0.1154, 0.089, 0.1064, 0.1594, 0.1434, 0.1562
1 : 0.01 : 1e-05
0.1155, 0.0893, 0.1058, 0.1601, 0.1446, 0.1571
0.116, 0.0883, 0.1075, 0.1588, 0.1421, 0.1538
0.1151, 0.0892, 0.1067, 0.1603, 0.1434, 0.1565
1 : 0.01 : 0.0001
0.1157, 0.0893, 0.1059, 0.1602, 0.1447, 0.1571
0.116, 0.0883, 0.1075, 0.1588, 0.1421, 0.1537
0.1151, 0.0892, 0.1067, 0.1603, 0.1434, 0.1565
1 : 0.01 : 0.001
0.1152, 0.0892, 0.1049, 0.16, 0.1442, 0.1569
0.1158, 0.0885, 0.1073, 0.1591, 0.1419, 0.1539
0.1151, 0.0892, 0.1065, 0.1602, 0.1435, 0.1566
1 : 0.01 : 0.01
0.1156, 0.0888, 0.1058, 0.1594, 0.1448, 0.1567
0.1167, 0.0884, 0.1077, 0.1586, 0.1417, 0.153
0.1151, 0.0885, 0.1066, 0.1584, 0.1436, 0.1559
2 : 0.0001 : 1e-05
0.1085, 0.084, 0.0993, 0.1495, 0.1358, 0.1474
0.1099, 0.0851, 0.104, 0.1544, 0.1346, 0.147
0.1084, 0.0842, 0.0987, 0.15, 0.1331, 0.1458
2 : 0.0001 : 0.0001
0.1084, 0.084, 0.0992, 0.1495, 0.1357, 0.1474
0.1099, 0.0851, 0.104, 0.1544, 0.1346, 0.147
0.1084, 0.0842, 0.0987, 0.15, 0.1331, 0.1458
2 : 0.0001 : 0.001
0.1084, 0.084, 0.0992, 0.1495, 0.1357, 0.1474
0.1098, 0.0851, 0.1038, 0.1544, 0.1345, 0.147
0.1084, 0.0842, 0.0987, 0.15, 0.1331, 0.1458
2 : 0.0001 : 0.01
0.1084, 0.084, 0.0992, 0.1495, 0.1357, 0.1474
0.1098, 0.0851, 0.1038, 0.1546, 0.1345, 0.1471
0.1083, 0.0842, 0.0986, 0.15, 0.1331, 0.1459
2 : 0.0005 : 1e-05
0.1117, 0.0871, 0.1015, 0.1556, 0.139, 0.1518
0.1141, 0.0876, 0.106, 0.1583, 0.1401, 0.1528
0.1109, 0.0866, 0.1025, 0.1551, 0.138, 0.1515
2 : 0.0005 : 0.0001
0.1117, 0.0871, 0.1015, 0.1556, 0.139, 0.1518
0.1141, 0.0876, 0.106, 0.1583, 0.1401, 0.1528
0.1109, 0.0866, 0.1025, 0.1551, 0.138, 0.1515
2 : 0.0005 : 0.001
0.1117, 0.0871, 0.1015, 0.1556, 0.139, 0.1518
0.1141, 0.0876, 0.106, 0.1584, 0.1401, 0.1528
0.1109, 0.0866, 0.1025, 0.1551, 0.138, 0.1515
2 : 0.0005 : 0.01
0.1117, 0.0871, 0.1014, 0.1557, 0.1391, 0.1518
0.1142, 0.0876, 0.1062, 0.1584, 0.1402, 0.1528
0.1107, 0.0866, 0.1022, 0.155, 0.1378, 0.1515
2 : 0.001 : 1e-05
0.1112, 0.0875, 0.101, 0.1562, 0.1392, 0.1525
0.1149, 0.0871, 0.1066, 0.1571, 0.14, 0.1516
0.1117, 0.0868, 0.1036, 0.1551, 0.1387, 0.1517
2 : 0.001 : 0.0001
0.1112, 0.0875, 0.101, 0.1562, 0.1392, 0.1525
0.1149, 0.0871, 0.1066, 0.1571, 0.14, 0.1516
0.1115, 0.0868, 0.1036, 0.1551, 0.1386, 0.1517
2 : 0.001 : 0.001
0.1112, 0.0875, 0.101, 0.1562, 0.1392, 0.1525
0.1149, 0.087, 0.1066, 0.1569, 0.14, 0.1515
0.1115, 0.0868, 0.1036, 0.1551, 0.1387, 0.1518
2 : 0.001 : 0.01
0.1117, 0.0875, 0.1013, 0.1561, 0.1394, 0.1524
0.1147, 0.087, 0.106, 0.1566, 0.1396, 0.1513
0.1119, 0.0867, 0.1037, 0.1549, 0.1389, 0.1517
2 : 0.005 : 1e-05
0.1131, 0.0866, 0.1032, 0.1546, 0.1394, 0.1506
0.1153, 0.0875, 0.1073, 0.1588, 0.1407, 0.1525
0.1126, 0.0867, 0.1043, 0.1543, 0.1405, 0.1524
2 : 0.005 : 0.0001
0.1131, 0.0866, 0.1032, 0.1546, 0.1394, 0.1505
0.1153, 0.0875, 0.1073, 0.1588, 0.1407, 0.1525
0.1126, 0.0866, 0.1043, 0.1542, 0.1405, 0.1523
2 : 0.005 : 0.001
0.113, 0.0866, 0.1031, 0.1546, 0.1395, 0.1506
0.1153, 0.0872, 0.1073, 0.1585, 0.1406, 0.1522
0.1124, 0.0868, 0.1041, 0.1544, 0.1403, 0.1524
2 : 0.005 : 0.01
0.1128, 0.0867, 0.1031, 0.1549, 0.1394, 0.1508
0.1151, 0.0872, 0.1071, 0.1582, 0.1399, 0.1516
0.1119, 0.0867, 0.1037, 0.1551, 0.1402, 0.1527
2 : 0.01 : 1e-05
0.1134, 0.0863, 0.1031, 0.1539, 0.1395, 0.1502
0.1154, 0.0874, 0.1074, 0.1579, 0.1408, 0.1521
0.1123, 0.0868, 0.1042, 0.1548, 0.1402, 0.1524
2 : 0.01 : 0.0001
0.1134, 0.0863, 0.1031, 0.1539, 0.1395, 0.1502
0.1154, 0.0874, 0.1074, 0.1579, 0.1409, 0.1521
0.1123, 0.0869, 0.1042, 0.155, 0.1402, 0.1525
2 : 0.01 : 0.001
0.1133, 0.0864, 0.103, 0.1541, 0.1396, 0.1504
0.1152, 0.0871, 0.1072, 0.1574, 0.1408, 0.152
0.1122, 0.087, 0.1041, 0.1554, 0.1399, 0.1525
2 : 0.01 : 0.01
0.1131, 0.0865, 0.1028, 0.154, 0.1399, 0.1508
0.1141, 0.087, 0.1059, 0.1572, 0.1396, 0.1516
0.1123, 0.0868, 0.1047, 0.1554, 0.1399, 0.1522
3 : 0.0001 : 1e-05
0.1096, 0.0837, 0.0998, 0.149, 0.1371, 0.1475
0.1112, 0.0852, 0.1043, 0.1538, 0.1355, 0.1471
0.1073, 0.0853, 0.0978, 0.1516, 0.1331, 0.1469
3 : 0.0001 : 0.0001
0.1096, 0.0837, 0.0998, 0.149, 0.1371, 0.1475
0.1112, 0.0852, 0.1043, 0.1538, 0.1355, 0.1471
0.1073, 0.0853, 0.0978, 0.1516, 0.1331, 0.1469
3 : 0.0001 : 0.001
0.1096, 0.0837, 0.0998, 0.149, 0.1371, 0.1475
0.1112, 0.0853, 0.1043, 0.1539, 0.1355, 0.1472
0.1073, 0.0853, 0.0978, 0.1516, 0.1331, 0.1469
3 : 0.0001 : 0.01
0.1097, 0.0836, 0.0999, 0.149, 0.1373, 0.1475
0.1111, 0.0853, 0.1042, 0.1539, 0.1354, 0.1472
0.1074, 0.0853, 0.098, 0.1516, 0.1331, 0.1469
3 : 0.0005 : 1e-05
0.1152, 0.0872, 0.1066, 0.1556, 0.1446, 0.1549
0.1166, 0.0873, 0.108, 0.157, 0.1415, 0.1521
0.1117, 0.0878, 0.1033, 0.1575, 0.1396, 0.1535
3 : 0.0005 : 0.0001
0.1152, 0.0872, 0.1066, 0.1556, 0.1446, 0.1549
0.1166, 0.0873, 0.108, 0.157, 0.1415, 0.1521
0.1117, 0.0878, 0.1033, 0.1575, 0.1396, 0.1535
3 : 0.0005 : 0.001
0.1152, 0.0872, 0.1066, 0.1557, 0.1447, 0.155
0.1165, 0.0873, 0.108, 0.157, 0.1414, 0.1521
0.1117, 0.0878, 0.1033, 0.1575, 0.1396, 0.1535
3 : 0.0005 : 0.01
0.1153, 0.0874, 0.1066, 0.1557, 0.1448, 0.1551
0.1165, 0.0874, 0.1079, 0.1571, 0.1414, 0.1521
0.1118, 0.0879, 0.1032, 0.1575, 0.1396, 0.1535
3 : 0.001 : 1e-05
0.1167, 0.0876, 0.1074, 0.156, 0.1459, 0.1556
0.1177, 0.0883, 0.1092, 0.1586, 0.1432, 0.1539
0.1123, 0.0885, 0.104, 0.1581, 0.1409, 0.1549
3 : 0.001 : 0.0001
0.1167, 0.0876, 0.1074, 0.156, 0.1459, 0.1556
0.1177, 0.0883, 0.1092, 0.1586, 0.1432, 0.1539
0.1123, 0.0885, 0.104, 0.1581, 0.1409, 0.1549
3 : 0.001 : 0.001
0.1166, 0.0876, 0.1073, 0.1561, 0.1458, 0.1556
0.1177, 0.0883, 0.1092, 0.1588, 0.1432, 0.154
0.1123, 0.0885, 0.104, 0.1582, 0.1409, 0.1549
3 : 0.001 : 0.01
0.1167, 0.0877, 0.1077, 0.1564, 0.1459, 0.1558
0.1179, 0.0885, 0.1093, 0.1594, 0.1432, 0.1541
0.1124, 0.0885, 0.1041, 0.1579, 0.141, 0.1549
3 : 0.005 : 1e-05
0.1155, 0.0887, 0.1062, 0.1577, 0.1439, 0.1553
0.1163, 0.0888, 0.1081, 0.1598, 0.1429, 0.155
0.1136, 0.0894, 0.105, 0.1601, 0.1424, 0.1565
3 : 0.005 : 0.0001
0.1154, 0.0887, 0.1061, 0.1577, 0.1438, 0.1554
0.1161, 0.0888, 0.108, 0.1598, 0.1428, 0.155
0.1136, 0.0894, 0.105, 0.16, 0.1424, 0.1565
3 : 0.005 : 0.001
0.1153, 0.0886, 0.106, 0.1575, 0.1436, 0.1551
0.116, 0.0885, 0.1079, 0.1593, 0.1428, 0.1548
0.1134, 0.0893, 0.1052, 0.1599, 0.1422, 0.1564
3 : 0.005 : 0.01
0.1153, 0.0881, 0.1061, 0.1567, 0.1439, 0.1549
0.1156, 0.0887, 0.1073, 0.1598, 0.1418, 0.1544
0.1138, 0.0894, 0.1055, 0.1607, 0.1423, 0.1564
3 : 0.01 : 1e-05
0.1148, 0.0892, 0.1057, 0.1601, 0.1442, 0.1569
0.1156, 0.0883, 0.1076, 0.1594, 0.142, 0.1542
0.1137, 0.0891, 0.1051, 0.1593, 0.1415, 0.1553
3 : 0.01 : 0.0001
0.1147, 0.0891, 0.1057, 0.1599, 0.1442, 0.1569
0.1156, 0.0884, 0.1076, 0.1595, 0.142, 0.1542
0.1137, 0.0891, 0.1051, 0.1593, 0.1415, 0.1553
3 : 0.01 : 0.001
0.1148, 0.0892, 0.1057, 0.1598, 0.1442, 0.1569
0.1156, 0.0885, 0.1076, 0.1596, 0.142, 0.1542
0.1135, 0.0891, 0.105, 0.1594, 0.1413, 0.1553
3 : 0.01 : 0.01
0.1148, 0.0885, 0.1052, 0.1576, 0.1431, 0.1549
0.1153, 0.0889, 0.1068, 0.1598, 0.1418, 0.1546
0.1146, 0.0892, 0.1057, 0.1599, 0.1418, 0.1553
4 : 0.0001 : 1e-05
0.1087, 0.0851, 0.1005, 0.1517, 0.1371, 0.1491
0.1085, 0.0846, 0.102, 0.1541, 0.1345, 0.1477
0.1067, 0.0841, 0.098, 0.1507, 0.1332, 0.1469
4 : 0.0001 : 0.0001
0.1087, 0.0851, 0.1005, 0.1517, 0.1371, 0.1491
0.1085, 0.0846, 0.102, 0.1541, 0.1345, 0.1477
0.1067, 0.0841, 0.098, 0.1507, 0.1332, 0.1469
4 : 0.0001 : 0.001
0.1087, 0.0851, 0.1005, 0.1517, 0.1371, 0.1492
0.1085, 0.0846, 0.102, 0.1541, 0.1345, 0.1477
0.1067, 0.0841, 0.098, 0.1507, 0.1332, 0.1469
4 : 0.0001 : 0.01
0.1086, 0.085, 0.1002, 0.1515, 0.137, 0.149
0.1083, 0.0846, 0.1018, 0.1541, 0.1344, 0.1477
0.1066, 0.0841, 0.0978, 0.1507, 0.1331, 0.1469
4 : 0.0005 : 1e-05
0.1143, 0.0877, 0.1049, 0.1565, 0.1427, 0.154
0.1144, 0.0888, 0.1069, 0.1607, 0.1405, 0.1542
0.1134, 0.087, 0.1055, 0.157, 0.1399, 0.1524
4 : 0.0005 : 0.0001
0.1143, 0.0877, 0.1049, 0.1565, 0.1427, 0.154
0.1144, 0.0888, 0.1069, 0.1607, 0.1405, 0.1542
0.1134, 0.087, 0.1055, 0.157, 0.1399, 0.1524
4 : 0.0005 : 0.001
0.1142, 0.0878, 0.1049, 0.1565, 0.1426, 0.154
0.1144, 0.0888, 0.1069, 0.1607, 0.1405, 0.1542
0.1134, 0.0871, 0.1055, 0.157, 0.1399, 0.1524
4 : 0.0005 : 0.01
0.114, 0.0878, 0.1046, 0.1566, 0.1423, 0.1539
0.1143, 0.0888, 0.1067, 0.1606, 0.1404, 0.1541
0.113, 0.0869, 0.1051, 0.1569, 0.1395, 0.1522
4 : 0.001 : 1e-05
0.1131, 0.0882, 0.1039, 0.1569, 0.141, 0.1534
0.1144, 0.0885, 0.1072, 0.1603, 0.1402, 0.1537
0.1123, 0.0866, 0.1044, 0.1565, 0.1389, 0.1519
4 : 0.001 : 0.0001
0.1131, 0.0882, 0.1039, 0.1569, 0.141, 0.1534
0.1144, 0.0885, 0.1072, 0.1603, 0.1402, 0.1537
0.1123, 0.0866, 0.1044, 0.1565, 0.1389, 0.1519
4 : 0.001 : 0.001
0.1131, 0.0883, 0.1039, 0.1572, 0.141, 0.1535
0.1143, 0.0885, 0.107, 0.1601, 0.1401, 0.1536
0.1121, 0.0865, 0.1042, 0.1565, 0.1388, 0.1519
4 : 0.001 : 0.01
0.1128, 0.088, 0.1035, 0.1568, 0.1407, 0.1533
0.1144, 0.0887, 0.1068, 0.1605, 0.1402, 0.1539
0.1121, 0.0866, 0.1042, 0.1567, 0.1388, 0.152
4 : 0.005 : 1e-05
0.1132, 0.0868, 0.1044, 0.1551, 0.1411, 0.1521
0.1157, 0.0883, 0.1075, 0.1603, 0.1415, 0.154
0.1119, 0.0866, 0.104, 0.156, 0.1395, 0.1523
4 : 0.005 : 0.0001
0.1132, 0.0868, 0.1044, 0.1551, 0.1411, 0.1521
0.1157, 0.0883, 0.1075, 0.1603, 0.1415, 0.154
0.1119, 0.0866, 0.104, 0.156, 0.1395, 0.1523
4 : 0.005 : 0.001
0.1133, 0.0869, 0.1043, 0.1552, 0.1411, 0.1522
0.1157, 0.0885, 0.1075, 0.1606, 0.1414, 0.1541
0.112, 0.0865, 0.1041, 0.156, 0.1395, 0.1522
4 : 0.005 : 0.01
0.1134, 0.0869, 0.1042, 0.1555, 0.1411, 0.1522
0.1147, 0.0887, 0.1071, 0.1605, 0.1405, 0.1538
0.1121, 0.0864, 0.1043, 0.155, 0.1394, 0.1518
4 : 0.01 : 1e-05
0.1135, 0.0869, 0.1047, 0.1559, 0.1414, 0.1525
0.1163, 0.0887, 0.1079, 0.1609, 0.1411, 0.1536
0.1135, 0.0867, 0.1065, 0.1557, 0.1416, 0.1531
4 : 0.01 : 0.0001
0.1135, 0.0869, 0.1047, 0.1559, 0.1414, 0.1525
0.1163, 0.0887, 0.1079, 0.1609, 0.1411, 0.1536
0.1135, 0.0867, 0.1065, 0.1557, 0.1417, 0.1532
4 : 0.01 : 0.001
0.1136, 0.0869, 0.1046, 0.1561, 0.1414, 0.1525
0.116, 0.0889, 0.1077, 0.1614, 0.1409, 0.1537
0.1132, 0.0869, 0.1058, 0.1561, 0.141, 0.153
4 : 0.01 : 0.01
0.1132, 0.0874, 0.1037, 0.1569, 0.1408, 0.1526
0.1145, 0.0875, 0.1061, 0.158, 0.1401, 0.1524
0.1123, 0.0863, 0.1048, 0.1553, 0.1402, 0.1523
5 : 0.0001 : 1e-05
0.1105, 0.0842, 0.1014, 0.1506, 0.1386, 0.1489
0.1113, 0.0848, 0.1047, 0.1531, 0.1366, 0.1478