1 : 0.0001 : 1e-05
0.1022, 0.0805, 0.099, 0.1519, 0.1285, 0.1437
0.1014, 0.0797, 0.0983, 0.1519, 0.1286, 0.144
0.1078, 0.0823, 0.1042, 0.155, 0.136, 0.1489
1 : 0.0001 : 0.0001
0.1022, 0.0805, 0.099, 0.1519, 0.1285, 0.1437
0.1014, 0.0797, 0.0983, 0.1519, 0.1286, 0.144
0.1078, 0.0823, 0.1042, 0.155, 0.136, 0.1489
1 : 0.0001 : 0.001
0.1022, 0.0805, 0.099, 0.1519, 0.1285, 0.1437
0.1014, 0.0797, 0.0983, 0.1519, 0.1286, 0.144
0.1078, 0.0823, 0.1042, 0.155, 0.136, 0.1488
1 : 0.0001 : 0.01
0.1022, 0.0806, 0.099, 0.152, 0.1285, 0.1437
0.1016, 0.0796, 0.0984, 0.1519, 0.1287, 0.1439
0.1078, 0.0822, 0.1042, 0.1548, 0.136, 0.1488
1 : 0.0005 : 1e-05
0.1079, 0.0845, 0.1067, 0.1622, 0.1378, 0.1538
0.107, 0.0841, 0.1075, 0.1631, 0.1392, 0.1555
0.1146, 0.0876, 0.1127, 0.1675, 0.1444, 0.1586
1 : 0.0005 : 0.0001
0.1079, 0.0845, 0.1067, 0.1622, 0.1378, 0.1538
0.107, 0.0841, 0.1075, 0.1631, 0.1392, 0.1555
0.1146, 0.0876, 0.1127, 0.1675, 0.1444, 0.1586
1 : 0.0005 : 0.001
0.1079, 0.0845, 0.1067, 0.1623, 0.1378, 0.1539
0.107, 0.0841, 0.1075, 0.1631, 0.1391, 0.1554
0.1146, 0.0876, 0.1127, 0.1675, 0.1444, 0.1586
1 : 0.0005 : 0.01
0.1078, 0.0846, 0.1065, 0.1627, 0.1378, 0.154
0.1069, 0.0841, 0.1075, 0.1631, 0.139, 0.1553
0.1143, 0.0877, 0.1124, 0.1676, 0.1441, 0.1586
1 : 0.001 : 1e-05
0.1099, 0.0858, 0.1092, 0.166, 0.1404, 0.157
0.1056, 0.0851, 0.1067, 0.1645, 0.1383, 0.1564
0.1153, 0.0885, 0.1127, 0.1693, 0.1453, 0.1603
1 : 0.001 : 0.0001
0.11, 0.0858, 0.1093, 0.166, 0.1404, 0.157
0.1056, 0.0851, 0.1067, 0.1645, 0.1383, 0.1564
0.1153, 0.0885, 0.1127, 0.1693, 0.1453, 0.1603
1 : 0.001 : 0.001
0.1098, 0.0858, 0.1091, 0.166, 0.1403, 0.157
0.1055, 0.0851, 0.1066, 0.1645, 0.1382, 0.1564
0.1153, 0.0885, 0.1127, 0.1693, 0.1452, 0.1603
1 : 0.001 : 0.01
0.1096, 0.0858, 0.1091, 0.1657, 0.1403, 0.157
0.1059, 0.0852, 0.107, 0.1648, 0.1388, 0.1568
0.1155, 0.0885, 0.1131, 0.1695, 0.1457, 0.1606
1 : 0.005 : 1e-05
0.1121, 0.0855, 0.1114, 0.1663, 0.1428, 0.1579
0.108, 0.0846, 0.1098, 0.1645, 0.1404, 0.1565
0.1157, 0.0885, 0.1123, 0.1682, 0.1458, 0.16
1 : 0.005 : 0.0001
0.1121, 0.0855, 0.1114, 0.1661, 0.1429, 0.1578
0.108, 0.0846, 0.1098, 0.1645, 0.1404, 0.1565
0.1157, 0.0885, 0.1123, 0.1682, 0.1458, 0.16
1 : 0.005 : 0.001
0.112, 0.0855, 0.1114, 0.1663, 0.1429, 0.158
0.1081, 0.0846, 0.11, 0.1644, 0.1406, 0.1565
0.1158, 0.0885, 0.1125, 0.1682, 0.146, 0.16
1 : 0.005 : 0.01
0.1115, 0.0855, 0.1108, 0.166, 0.1427, 0.158
0.1081, 0.0843, 0.11, 0.164, 0.1404, 0.1562
0.116, 0.089, 0.1124, 0.1691, 0.1462, 0.1606
1 : 0.01 : 1e-05
0.1132, 0.0855, 0.1123, 0.1658, 0.1438, 0.158
0.1092, 0.0842, 0.1107, 0.164, 0.1411, 0.1561
0.1163, 0.0887, 0.1133, 0.1693, 0.1455, 0.1597
1 : 0.01 : 0.0001
0.1132, 0.0855, 0.1123, 0.1658, 0.1438, 0.158
0.1092, 0.0843, 0.1107, 0.1643, 0.1411, 0.1562
0.1163, 0.0888, 0.1133, 0.1692, 0.1455, 0.1598
1 : 0.01 : 0.001
0.113, 0.0855, 0.1123, 0.166, 0.1437, 0.158
0.1093, 0.0843, 0.1108, 0.1643, 0.1411, 0.1561
0.1162, 0.0886, 0.1131, 0.1688, 0.1454, 0.1596
1 : 0.01 : 0.01
0.1116, 0.0853, 0.1111, 0.1659, 0.1426, 0.1576
0.1092, 0.0841, 0.111, 0.1633, 0.1408, 0.1555
0.1153, 0.089, 0.1115, 0.1692, 0.1451, 0.1601
2 : 0.0001 : 1e-05
0.1066, 0.0823, 0.1054, 0.1604, 0.1344, 0.1499
0.1053, 0.082, 0.1046, 0.1587, 0.1352, 0.1506
0.1104, 0.0852, 0.108, 0.1637, 0.1397, 0.1549
2 : 0.0001 : 0.0001
0.1066, 0.0823, 0.1054, 0.1604, 0.1344, 0.1499
0.1053, 0.082, 0.1046, 0.1587, 0.1352, 0.1506
0.1104, 0.0852, 0.108, 0.1637, 0.1397, 0.1549
2 : 0.0001 : 0.001
0.1066, 0.0823, 0.1054, 0.1604, 0.1344, 0.15
0.1053, 0.082, 0.1046, 0.1587, 0.1352, 0.1506
0.1104, 0.0852, 0.108, 0.1637, 0.1397, 0.1549
2 : 0.0001 : 0.01
0.1066, 0.0824, 0.1054, 0.1605, 0.1344, 0.15
0.1051, 0.082, 0.1045, 0.1587, 0.135, 0.1505
0.1103, 0.0853, 0.1078, 0.1637, 0.1396, 0.155
2 : 0.0005 : 1e-05
0.1086, 0.0845, 0.1074, 0.1652, 0.1386, 0.1551
0.1064, 0.0836, 0.1057, 0.1617, 0.1363, 0.1526
0.1136, 0.0876, 0.1108, 0.168, 0.1427, 0.1583
2 : 0.0005 : 0.0001
0.1086, 0.0845, 0.1074, 0.1652, 0.1386, 0.155
0.1064, 0.0836, 0.1057, 0.1617, 0.1363, 0.1526
0.1136, 0.0876, 0.1108, 0.168, 0.1427, 0.1583
2 : 0.0005 : 0.001
0.1086, 0.0844, 0.1074, 0.1651, 0.1386, 0.1549
0.1064, 0.0836, 0.1057, 0.1617, 0.1363, 0.1526
0.1135, 0.0876, 0.1108, 0.168, 0.1426, 0.1583
2 : 0.0005 : 0.01
0.1086, 0.0845, 0.1075, 0.1652, 0.1386, 0.155
0.1063, 0.0836, 0.1057, 0.1619, 0.1363, 0.1527
0.1134, 0.0876, 0.1107, 0.168, 0.1424, 0.1581
2 : 0.001 : 1e-05
0.1085, 0.0846, 0.1072, 0.1659, 0.1379, 0.1548
0.1062, 0.0835, 0.1061, 0.1621, 0.1366, 0.1529
0.1133, 0.0882, 0.1106, 0.1696, 0.1423, 0.1587
2 : 0.001 : 0.0001
0.1085, 0.0846, 0.1072, 0.1659, 0.1379, 0.1548
0.1062, 0.0835, 0.1061, 0.1621, 0.1366, 0.1529
0.1133, 0.0882, 0.1106, 0.1696, 0.1423, 0.1587
2 : 0.001 : 0.001
0.1085, 0.0846, 0.1072, 0.1659, 0.1379, 0.1548
0.1063, 0.0835, 0.1062, 0.1621, 0.1367, 0.1529
0.1133, 0.0882, 0.1106, 0.1696, 0.1423, 0.1587
2 : 0.001 : 0.01
0.1081, 0.0846, 0.1068, 0.166, 0.1377, 0.1549
0.1065, 0.0835, 0.1064, 0.1623, 0.1369, 0.153
0.1132, 0.0881, 0.1101, 0.1691, 0.1421, 0.1585
2 : 0.005 : 1e-05
0.1081, 0.0848, 0.1068, 0.1653, 0.1365, 0.1537
0.1064, 0.0827, 0.1068, 0.1608, 0.1368, 0.1523
0.1143, 0.0871, 0.1105, 0.1659, 0.1435, 0.1578
2 : 0.005 : 0.0001
0.108, 0.0848, 0.1068, 0.1652, 0.1364, 0.1537
0.1064, 0.0827, 0.1068, 0.1608, 0.1368, 0.1523
0.1143, 0.0871, 0.1105, 0.1659, 0.1436, 0.1579
2 : 0.005 : 0.001
0.1081, 0.0848, 0.1069, 0.1654, 0.1366, 0.1537
0.1064, 0.0829, 0.1068, 0.1609, 0.137, 0.1525
0.1144, 0.0872, 0.1106, 0.1661, 0.1437, 0.158
2 : 0.005 : 0.01
0.1088, 0.085, 0.1077, 0.1651, 0.1372, 0.1539
0.1063, 0.0827, 0.1073, 0.1608, 0.1367, 0.1521
0.1143, 0.0874, 0.1109, 0.1663, 0.1436, 0.1581
2 : 0.01 : 1e-05
0.1084, 0.0848, 0.1068, 0.1653, 0.1368, 0.1538
0.1067, 0.0832, 0.1074, 0.161, 0.137, 0.1524
0.1147, 0.0875, 0.1113, 0.1668, 0.1439, 0.1582
2 : 0.01 : 0.0001
0.1087, 0.0848, 0.1073, 0.1653, 0.1371, 0.1538
0.1067, 0.0832, 0.1074, 0.161, 0.137, 0.1524
0.1147, 0.0875, 0.1113, 0.1668, 0.1439, 0.1582
2 : 0.01 : 0.001
0.1089, 0.0847, 0.1077, 0.1649, 0.1373, 0.1537
0.1067, 0.0831, 0.1072, 0.1607, 0.1369, 0.1522
0.1151, 0.0874, 0.1115, 0.1666, 0.1441, 0.1581
2 : 0.01 : 0.01
0.1089, 0.0851, 0.1078, 0.1651, 0.1373, 0.154
0.1066, 0.083, 0.1068, 0.1611, 0.1369, 0.1524
0.1136, 0.087, 0.1097, 0.1656, 0.1429, 0.1575
3 : 0.0001 : 1e-05
0.1063, 0.0829, 0.1044, 0.1586, 0.1364, 0.1518
0.1048, 0.0808, 0.1036, 0.1569, 0.1345, 0.1492
0.1095, 0.0856, 0.1071, 0.163, 0.1377, 0.1534
3 : 0.0001 : 0.0001
0.1063, 0.0829, 0.1044, 0.1586, 0.1364, 0.1518
0.1048, 0.0808, 0.1036, 0.1569, 0.1345, 0.1492
0.1095, 0.0856, 0.1071, 0.163, 0.1377, 0.1534
3 : 0.0001 : 0.001
0.1063, 0.0829, 0.1044, 0.1586, 0.1364, 0.1518
0.1048, 0.0808, 0.1036, 0.1569, 0.1345, 0.1492
0.1095, 0.0856, 0.1071, 0.163, 0.1377, 0.1533
3 : 0.0001 : 0.01
0.1063, 0.0829, 0.1044, 0.1586, 0.1363, 0.1518
0.1047, 0.0808, 0.1035, 0.1569, 0.1343, 0.1491
0.1093, 0.0856, 0.107, 0.163, 0.1376, 0.1534
3 : 0.0005 : 1e-05
0.1084, 0.0845, 0.1068, 0.1638, 0.1385, 0.155
0.107, 0.0839, 0.107, 0.163, 0.1384, 0.1548
0.1142, 0.0887, 0.1113, 0.1693, 0.1426, 0.1586
3 : 0.0005 : 0.0001
0.1084, 0.0846, 0.1068, 0.1639, 0.1385, 0.1551
0.1069, 0.084, 0.107, 0.1631, 0.1384, 0.1548
0.1142, 0.0886, 0.1113, 0.1691, 0.1426, 0.1586
3 : 0.0005 : 0.001
0.1082, 0.0846, 0.1066, 0.1639, 0.1384, 0.1551
0.107, 0.084, 0.1071, 0.1631, 0.1385, 0.1548
0.1141, 0.0886, 0.1113, 0.1691, 0.1426, 0.1585
3 : 0.0005 : 0.01
0.1085, 0.0847, 0.1069, 0.1641, 0.1385, 0.1551
0.1069, 0.084, 0.1071, 0.1633, 0.1385, 0.155
0.1141, 0.0886, 0.1114, 0.1689, 0.1427, 0.1586
3 : 0.001 : 1e-05
0.1095, 0.0852, 0.1084, 0.1663, 0.1399, 0.1566
0.1073, 0.0838, 0.1077, 0.1635, 0.139, 0.1553
0.1154, 0.0891, 0.1124, 0.1708, 0.1443, 0.16
3 : 0.001 : 0.0001
0.1095, 0.0852, 0.1084, 0.1663, 0.1399, 0.1566
0.1073, 0.0838, 0.1077, 0.1635, 0.139, 0.1553
0.1154, 0.0891, 0.1124, 0.1708, 0.1442, 0.1599
3 : 0.001 : 0.001
0.1095, 0.0852, 0.1084, 0.1663, 0.14, 0.1567
0.1073, 0.0838, 0.1077, 0.1636, 0.139, 0.1554
0.1154, 0.0891, 0.1124, 0.1708, 0.1443, 0.16
3 : 0.001 : 0.01
0.1093, 0.0852, 0.1082, 0.1662, 0.1398, 0.1566
0.1074, 0.084, 0.1079, 0.1637, 0.139, 0.1554
0.1154, 0.0892, 0.1126, 0.171, 0.1444, 0.1601
3 : 0.005 : 1e-05
0.1123, 0.0851, 0.1113, 0.166, 0.1425, 0.1572
0.1085, 0.0839, 0.1093, 0.1631, 0.1404, 0.1558
0.1155, 0.0886, 0.1123, 0.1688, 0.145, 0.1597
3 : 0.005 : 0.0001
0.1123, 0.0851, 0.1113, 0.166, 0.1425, 0.1572
0.1084, 0.0838, 0.1091, 0.163, 0.1403, 0.1558
0.1155, 0.0886, 0.1123, 0.1686, 0.145, 0.1596
3 : 0.005 : 0.001
0.1123, 0.0851, 0.1113, 0.1657, 0.1425, 0.1571
0.1085, 0.0839, 0.1093, 0.1631, 0.1404, 0.1558
0.1156, 0.0886, 0.1123, 0.1689, 0.1451, 0.1598
3 : 0.005 : 0.01
0.1115, 0.0849, 0.1107, 0.1652, 0.1419, 0.1568
0.1087, 0.0843, 0.1096, 0.1635, 0.1404, 0.1559
0.1156, 0.0886, 0.1123, 0.168, 0.1451, 0.1595
3 : 0.01 : 1e-05
0.1124, 0.0854, 0.1116, 0.1659, 0.1425, 0.1571
0.109, 0.0835, 0.1098, 0.162, 0.141, 0.1555
0.1149, 0.0886, 0.1121, 0.1685, 0.1449, 0.1597
3 : 0.01 : 0.0001
0.1124, 0.0854, 0.1116, 0.1659, 0.1426, 0.1572
0.109, 0.0836, 0.1098, 0.1621, 0.141, 0.1556
0.1149, 0.0886, 0.1121, 0.1685, 0.145, 0.1598
3 : 0.01 : 0.001
0.1122, 0.0853, 0.1112, 0.1657, 0.1422, 0.157
0.1091, 0.0835, 0.1099, 0.1618, 0.1413, 0.1556
0.1149, 0.0888, 0.1119, 0.1686, 0.1451, 0.16
3 : 0.01 : 0.01
0.1111, 0.0848, 0.1098, 0.1643, 0.1414, 0.1563
0.1104, 0.0838, 0.1117, 0.1623, 0.1424, 0.1561
0.1155, 0.0882, 0.1119, 0.1667, 0.145, 0.1589
4 : 0.0001 : 1e-05
0.1066, 0.0834, 0.1052, 0.1607, 0.136, 0.1519
0.1052, 0.0808, 0.1038, 0.1574, 0.1361, 0.1505
0.1091, 0.0861, 0.1064, 0.165, 0.1379, 0.1547
4 : 0.0001 : 0.0001
0.1066, 0.0834, 0.1052, 0.1607, 0.136, 0.1519
0.1052, 0.0808, 0.1038, 0.1574, 0.1361, 0.1505
0.1091, 0.0861, 0.1064, 0.165, 0.1379, 0.1547
4 : 0.0001 : 0.001
0.1066, 0.0834, 0.1052, 0.1607, 0.136, 0.1519
0.1052, 0.0808, 0.1038, 0.1574, 0.1361, 0.1505
0.1091, 0.0862, 0.1064, 0.165, 0.1379, 0.1547
4 : 0.0001 : 0.01
0.1066, 0.0834, 0.1052, 0.1607, 0.136, 0.1518
0.1051, 0.0808, 0.1038, 0.1574, 0.1361, 0.1506
0.109, 0.0862, 0.1061, 0.1651, 0.1378, 0.1548
4 : 0.0005 : 1e-05
0.1088, 0.0842, 0.108, 0.1643, 0.1388, 0.1548
0.107, 0.0843, 0.1069, 0.1651, 0.1378, 0.155
0.114, 0.0879, 0.1107, 0.1698, 0.1425, 0.1586
4 : 0.0005 : 0.0001
0.1088, 0.0842, 0.108, 0.1643, 0.1388, 0.1548
0.107, 0.0843, 0.1069, 0.1649, 0.1378, 0.155
0.114, 0.0879, 0.1107, 0.1698, 0.1425, 0.1586
4 : 0.0005 : 0.001
0.1088, 0.0842, 0.108, 0.1643, 0.1388, 0.1548
0.107, 0.0842, 0.1069, 0.1649, 0.1378, 0.1549
0.114, 0.0879, 0.1107, 0.1698, 0.1425, 0.1586
4 : 0.0005 : 0.01
0.1086, 0.084, 0.108, 0.1641, 0.1387, 0.1548
0.107, 0.0843, 0.1069, 0.1649, 0.1379, 0.1551
0.1143, 0.0878, 0.1112, 0.1693, 0.1429, 0.1586
4 : 0.001 : 1e-05
0.1097, 0.0838, 0.109, 0.1634, 0.1396, 0.1545
0.1075, 0.0842, 0.1075, 0.1648, 0.1384, 0.1551
0.1146, 0.0876, 0.1109, 0.1687, 0.1435, 0.1586
4 : 0.001 : 0.0001
0.1097, 0.0838, 0.109, 0.1634, 0.1396, 0.1545
0.1075, 0.0842, 0.1075, 0.1648, 0.1384, 0.1551
0.1145, 0.0876, 0.1107, 0.1687, 0.1434, 0.1586
4 : 0.001 : 0.001
0.1097, 0.0838, 0.109, 0.1634, 0.1395, 0.1545
0.1075, 0.0842, 0.1075, 0.1648, 0.1384, 0.155
0.1144, 0.0876, 0.1106, 0.1687, 0.1433, 0.1586
4 : 0.001 : 0.01
0.1093, 0.0841, 0.1087, 0.1643, 0.1392, 0.1548
0.1078, 0.0841, 0.1078, 0.1649, 0.1387, 0.1551
0.1146, 0.0875, 0.1109, 0.1684, 0.1435, 0.1585
4 : 0.005 : 1e-05
0.1081, 0.0838, 0.108, 0.1647, 0.1379, 0.1542
0.1074, 0.0836, 0.1078, 0.1629, 0.1379, 0.1538
0.1144, 0.087, 0.1113, 0.1661, 0.1435, 0.1574
4 : 0.005 : 0.0001
0.1081, 0.0838, 0.108, 0.1647, 0.1379, 0.1543
0.1074, 0.0836, 0.1078, 0.163, 0.1379, 0.1539
0.1144, 0.087, 0.1113, 0.1661, 0.1435, 0.1574
4 : 0.005 : 0.001
0.108, 0.0838, 0.1079, 0.1648, 0.1378, 0.1542
0.1074, 0.0836, 0.1078, 0.163, 0.1378, 0.1537
0.1141, 0.087, 0.1105, 0.1661, 0.1431, 0.1573
4 : 0.005 : 0.01
0.1076, 0.084, 0.1071, 0.1648, 0.1373, 0.1542
0.1071, 0.0837, 0.1077, 0.1638, 0.1381, 0.1544
0.1144, 0.0866, 0.1116, 0.1659, 0.1432, 0.1569
4 : 0.01 : 1e-05
0.1082, 0.0845, 0.108, 0.1652, 0.1383, 0.155
0.1081, 0.0839, 0.109, 0.1641, 0.138, 0.1539
0.1144, 0.0868, 0.1108, 0.1659, 0.1431, 0.157
4 : 0.01 : 0.0001
0.1082, 0.0845, 0.108, 0.1652, 0.1383, 0.155
0.1081, 0.084, 0.109, 0.1641, 0.138, 0.1539
0.1144, 0.0868, 0.1108, 0.1659, 0.1431, 0.157
4 : 0.01 : 0.001
0.108, 0.0843, 0.1076, 0.1651, 0.1381, 0.1549
0.1082, 0.0839, 0.1093, 0.1644, 0.1381, 0.1539
0.1146, 0.0868, 0.111, 0.1663, 0.1432, 0.1571
4 : 0.01 : 0.01
0.1066, 0.0843, 0.1056, 0.1642, 0.1358, 0.1535
0.1066, 0.0835, 0.1071, 0.1634, 0.1371, 0.1536
0.1154, 0.0867, 0.1113, 0.1652, 0.1443, 0.1575
5 : 0.0001 : 1e-05
0.107, 0.084, 0.1056, 0.1617, 0.1371, 0.1534
0.1057, 0.0818, 0.1046, 0.1586, 0.1359, 0.1505
0.1101, 0.0854, 0.1074, 0.1639, 0.1384, 0.1536
5 : 0.0001 : 0.0001
0.107, 0.084, 0.1056, 0.1617, 0.1371, 0.1534
0.1057, 0.0818, 0.1046, 0.1586, 0.1359, 0.1505