1 : 0.0001 : 1e-05
0.1039, 0.0834, 0.093, 0.1465, 0.1298, 0.1436
0.1001, 0.0824, 0.0895, 0.1437, 0.1228, 0.138
0.1084, 0.0848, 0.0984, 0.1481, 0.1316, 0.1439
1 : 0.0001 : 0.0001
0.1039, 0.0834, 0.093, 0.1465, 0.1298, 0.1436
0.1001, 0.0824, 0.0895, 0.1437, 0.1228, 0.138
0.1084, 0.0848, 0.0984, 0.1481, 0.1316, 0.1439
1 : 0.0001 : 0.001
0.1038, 0.0834, 0.0929, 0.1465, 0.1297, 0.1436
0.1001, 0.0824, 0.0895, 0.1437, 0.1228, 0.138
0.1084, 0.0848, 0.0984, 0.1481, 0.1316, 0.1439
1 : 0.0001 : 0.01
0.1038, 0.0834, 0.0929, 0.1465, 0.1297, 0.1436
0.1002, 0.0825, 0.0896, 0.1439, 0.1229, 0.1381
0.1082, 0.0848, 0.0983, 0.148, 0.1315, 0.1439
1 : 0.0005 : 1e-05
0.1113, 0.0877, 0.1027, 0.1593, 0.1379, 0.1526
0.1086, 0.0863, 0.1002, 0.155, 0.1349, 0.1493
0.1141, 0.0882, 0.1046, 0.159, 0.1426, 0.1557
1 : 0.0005 : 0.0001
0.1113, 0.0877, 0.1027, 0.1593, 0.1379, 0.1526
0.1086, 0.0863, 0.1002, 0.155, 0.1349, 0.1493
0.1141, 0.0882, 0.1046, 0.159, 0.1426, 0.1557
1 : 0.0005 : 0.001
0.1112, 0.0877, 0.1026, 0.1592, 0.1379, 0.1526
0.1087, 0.0863, 0.1004, 0.1552, 0.1351, 0.1494
0.1141, 0.0882, 0.1046, 0.159, 0.1426, 0.1557
1 : 0.0005 : 0.01
0.1113, 0.0878, 0.1027, 0.1595, 0.138, 0.1528
0.1085, 0.0863, 0.1004, 0.1551, 0.1349, 0.1494
0.1138, 0.0881, 0.1046, 0.1588, 0.1425, 0.1556
1 : 0.001 : 1e-05
0.1124, 0.0887, 0.103, 0.1604, 0.1395, 0.1543
0.1109, 0.0868, 0.1037, 0.1562, 0.1386, 0.1519
0.1165, 0.0885, 0.1083, 0.1612, 0.1463, 0.1583
1 : 0.001 : 0.0001
0.1124, 0.0887, 0.103, 0.1604, 0.1395, 0.1543
0.1109, 0.0868, 0.1037, 0.1562, 0.1386, 0.1519
0.1165, 0.0885, 0.1083, 0.1612, 0.1463, 0.1583
1 : 0.001 : 0.001
0.1124, 0.0886, 0.103, 0.1604, 0.1395, 0.1542
0.1109, 0.0868, 0.1037, 0.1562, 0.1386, 0.1519
0.1165, 0.0885, 0.1083, 0.1611, 0.1463, 0.1583
1 : 0.001 : 0.01
0.1122, 0.0889, 0.1027, 0.1606, 0.1393, 0.1544
0.1109, 0.0869, 0.1038, 0.1564, 0.1385, 0.1519
0.1163, 0.0885, 0.1082, 0.1611, 0.1464, 0.1584
1 : 0.005 : 1e-05
0.1134, 0.0882, 0.1039, 0.16, 0.1418, 0.1554
0.1142, 0.0882, 0.1075, 0.1608, 0.1413, 0.1544
0.116, 0.0888, 0.1091, 0.1633, 0.1469, 0.1597
1 : 0.005 : 0.0001
0.1134, 0.0882, 0.1039, 0.16, 0.1418, 0.1554
0.1142, 0.0882, 0.1075, 0.1608, 0.1414, 0.1544
0.116, 0.0888, 0.1091, 0.1633, 0.1469, 0.1597
1 : 0.005 : 0.001
0.1135, 0.0882, 0.1039, 0.16, 0.1419, 0.1554
0.1141, 0.0883, 0.1073, 0.1607, 0.1413, 0.1544
0.1159, 0.0888, 0.109, 0.1633, 0.1469, 0.1597
1 : 0.005 : 0.01
0.1137, 0.0878, 0.104, 0.1596, 0.1421, 0.1551
0.1141, 0.0886, 0.1072, 0.1615, 0.1409, 0.1544
0.1161, 0.0888, 0.1092, 0.1636, 0.1471, 0.1598
1 : 0.01 : 1e-05
0.1133, 0.0886, 0.1042, 0.1595, 0.1412, 0.1547
0.1142, 0.0891, 0.1078, 0.1622, 0.1411, 0.1549
0.1163, 0.0886, 0.1083, 0.1619, 0.1467, 0.159
1 : 0.01 : 0.0001
0.1133, 0.0886, 0.1042, 0.1595, 0.1412, 0.1548
0.1142, 0.0891, 0.1078, 0.1622, 0.1411, 0.1549
0.1163, 0.0886, 0.1083, 0.1621, 0.1467, 0.1591
1 : 0.01 : 0.001
0.1134, 0.0883, 0.1041, 0.1591, 0.1411, 0.1545
0.1141, 0.0892, 0.1078, 0.1623, 0.1409, 0.1549
0.1164, 0.0886, 0.1085, 0.1619, 0.1466, 0.1588
1 : 0.01 : 0.01
0.1136, 0.0882, 0.1045, 0.1583, 0.141, 0.1539
0.1144, 0.0887, 0.107, 0.1616, 0.1407, 0.1542
0.1154, 0.0885, 0.1074, 0.1624, 0.1461, 0.159
2 : 0.0001 : 1e-05
0.1093, 0.0866, 0.1005, 0.1553, 0.1354, 0.1495
0.1059, 0.0843, 0.0977, 0.1507, 0.1305, 0.1445
0.1126, 0.087, 0.1042, 0.1578, 0.1379, 0.151
2 : 0.0001 : 0.0001
0.1093, 0.0866, 0.1005, 0.1553, 0.1354, 0.1495
0.1059, 0.0843, 0.0977, 0.1507, 0.1305, 0.1445
0.1126, 0.087, 0.1042, 0.1578, 0.1379, 0.151
2 : 0.0001 : 0.001
0.1093, 0.0866, 0.1005, 0.1553, 0.1354, 0.1495
0.1059, 0.0843, 0.0977, 0.1507, 0.1305, 0.1446
0.1126, 0.087, 0.1042, 0.1578, 0.1379, 0.151
2 : 0.0001 : 0.01
0.1093, 0.0866, 0.1005, 0.1553, 0.1354, 0.1495
0.1059, 0.0843, 0.0977, 0.1507, 0.1305, 0.1446
0.1126, 0.087, 0.1042, 0.1578, 0.1379, 0.151
2 : 0.0005 : 1e-05
0.1119, 0.088, 0.1034, 0.1582, 0.1385, 0.1525
0.1091, 0.0865, 0.1011, 0.1558, 0.1346, 0.1488
0.1142, 0.088, 0.106, 0.1596, 0.1406, 0.1538
2 : 0.0005 : 0.0001
0.1119, 0.088, 0.1034, 0.1582, 0.1385, 0.1525
0.1091, 0.0865, 0.1011, 0.1558, 0.1346, 0.1488
0.1142, 0.088, 0.106, 0.1596, 0.1406, 0.1538
2 : 0.0005 : 0.001
0.1119, 0.088, 0.1034, 0.1582, 0.1385, 0.1525
0.1091, 0.0865, 0.1011, 0.1558, 0.1345, 0.1488
0.1142, 0.088, 0.106, 0.1596, 0.1406, 0.1538
2 : 0.0005 : 0.01
0.112, 0.088, 0.1032, 0.1582, 0.1384, 0.1524
0.1093, 0.0865, 0.1011, 0.1558, 0.1346, 0.1488
0.1141, 0.088, 0.1059, 0.1596, 0.1406, 0.1538
2 : 0.001 : 1e-05
0.1117, 0.0878, 0.1029, 0.1578, 0.1391, 0.153
0.1095, 0.0869, 0.1018, 0.1566, 0.1349, 0.1492
0.1145, 0.0883, 0.1063, 0.1603, 0.141, 0.1542
2 : 0.001 : 0.0001
0.1117, 0.0878, 0.1029, 0.1578, 0.1391, 0.153
0.1095, 0.0869, 0.1018, 0.1566, 0.1349, 0.1492
0.1145, 0.0883, 0.1063, 0.1603, 0.141, 0.1542
2 : 0.001 : 0.001
0.1117, 0.0877, 0.1029, 0.1575, 0.1391, 0.1529
0.1095, 0.0869, 0.1018, 0.1564, 0.1349, 0.1491
0.1146, 0.0883, 0.1063, 0.1603, 0.1411, 0.1543
2 : 0.001 : 0.01
0.1115, 0.0876, 0.103, 0.1575, 0.1391, 0.1529
0.1091, 0.0869, 0.1013, 0.1565, 0.1347, 0.1492
0.1147, 0.0882, 0.1064, 0.1601, 0.1413, 0.1542
2 : 0.005 : 1e-05
0.1122, 0.0881, 0.103, 0.1593, 0.139, 0.1534
0.1075, 0.0866, 0.0992, 0.1563, 0.1329, 0.1486
0.1128, 0.0885, 0.1043, 0.1618, 0.1403, 0.1551
2 : 0.005 : 0.0001
0.1123, 0.0881, 0.1032, 0.1594, 0.1391, 0.1535
0.1075, 0.0866, 0.0992, 0.1563, 0.1329, 0.1486
0.1129, 0.0885, 0.1044, 0.1618, 0.1404, 0.1551
2 : 0.005 : 0.001
0.1122, 0.0881, 0.1031, 0.1594, 0.139, 0.1534
0.1078, 0.0867, 0.0995, 0.1566, 0.1332, 0.1488
0.1128, 0.0885, 0.1044, 0.1618, 0.1403, 0.1552
2 : 0.005 : 0.01
0.1119, 0.0882, 0.1025, 0.1596, 0.1389, 0.1536
0.108, 0.0864, 0.0999, 0.1556, 0.1335, 0.1484
0.1118, 0.0884, 0.1037, 0.161, 0.1399, 0.1551
2 : 0.01 : 1e-05
0.1125, 0.0875, 0.1032, 0.1581, 0.1397, 0.1531
0.1089, 0.086, 0.1008, 0.1563, 0.1346, 0.1488
0.1125, 0.0887, 0.1041, 0.1613, 0.14, 0.155
2 : 0.01 : 0.0001
0.1125, 0.0875, 0.1032, 0.1581, 0.1397, 0.1531
0.1089, 0.086, 0.1008, 0.1563, 0.1346, 0.1488
0.1125, 0.0887, 0.1041, 0.1613, 0.14, 0.155
2 : 0.01 : 0.001
0.1123, 0.0878, 0.1031, 0.1584, 0.1394, 0.1531
0.109, 0.0862, 0.1008, 0.1562, 0.1345, 0.1488
0.1117, 0.0887, 0.1033, 0.1612, 0.1394, 0.1551
2 : 0.01 : 0.01
0.1112, 0.088, 0.1028, 0.1592, 0.139, 0.1536
0.1083, 0.0861, 0.1002, 0.1558, 0.134, 0.1485
0.111, 0.0885, 0.1029, 0.1605, 0.1387, 0.1544
3 : 0.0001 : 1e-05
0.1086, 0.0867, 0.0988, 0.1544, 0.1343, 0.1488
0.1055, 0.0842, 0.0952, 0.151, 0.1296, 0.1441
0.1121, 0.0863, 0.1037, 0.156, 0.1379, 0.1505
3 : 0.0001 : 0.0001
0.1086, 0.0867, 0.0988, 0.1544, 0.1343, 0.1488
0.1055, 0.0842, 0.0952, 0.151, 0.1296, 0.1441
0.1121, 0.0863, 0.1037, 0.156, 0.1379, 0.1505
3 : 0.0001 : 0.001
0.1086, 0.0867, 0.0988, 0.1544, 0.1343, 0.1488
0.1055, 0.0842, 0.0952, 0.1511, 0.1296, 0.1442
0.1121, 0.0864, 0.1037, 0.1561, 0.1379, 0.1505
3 : 0.0001 : 0.01
0.1086, 0.0866, 0.0988, 0.154, 0.1343, 0.1487
0.1054, 0.0843, 0.0952, 0.1512, 0.1295, 0.1442
0.1121, 0.0864, 0.1037, 0.156, 0.1379, 0.1505
3 : 0.0005 : 1e-05
0.113, 0.0888, 0.1037, 0.1605, 0.1405, 0.155
0.111, 0.0877, 0.1033, 0.1572, 0.1374, 0.1514
0.1146, 0.0881, 0.1062, 0.1591, 0.1433, 0.1561
3 : 0.0005 : 0.0001
0.113, 0.0888, 0.1037, 0.1605, 0.1405, 0.155
0.111, 0.0877, 0.1033, 0.1572, 0.1374, 0.1514
0.1146, 0.0881, 0.1062, 0.1591, 0.1433, 0.1561
3 : 0.0005 : 0.001
0.113, 0.0888, 0.1037, 0.1605, 0.1405, 0.155
0.111, 0.0876, 0.1033, 0.1571, 0.1374, 0.1514
0.1145, 0.0881, 0.1061, 0.1592, 0.1432, 0.1561
3 : 0.0005 : 0.01
0.1129, 0.0888, 0.1036, 0.1604, 0.1403, 0.1548
0.1114, 0.0876, 0.1037, 0.157, 0.1377, 0.1513
0.1143, 0.0879, 0.1056, 0.1588, 0.143, 0.1559
3 : 0.001 : 1e-05
0.1147, 0.0891, 0.1055, 0.1602, 0.1419, 0.1552
0.1131, 0.0878, 0.1057, 0.1576, 0.1392, 0.152
0.1144, 0.0883, 0.107, 0.161, 0.1441, 0.1575
3 : 0.001 : 0.0001
0.1147, 0.0891, 0.1055, 0.1602, 0.1419, 0.1552
0.1131, 0.0878, 0.1057, 0.1576, 0.1392, 0.152
0.1144, 0.0883, 0.107, 0.161, 0.1441, 0.1575
3 : 0.001 : 0.001
0.1146, 0.0891, 0.1054, 0.1602, 0.1418, 0.1552
0.1132, 0.0878, 0.1058, 0.1577, 0.1392, 0.152
0.1144, 0.0884, 0.107, 0.1611, 0.1442, 0.1576
3 : 0.001 : 0.01
0.1143, 0.0891, 0.1051, 0.1606, 0.1416, 0.1553
0.1133, 0.0877, 0.1057, 0.1576, 0.1392, 0.1519
0.1147, 0.0882, 0.1072, 0.1604, 0.1444, 0.1573
3 : 0.005 : 1e-05
0.1154, 0.0883, 0.1062, 0.1586, 0.1416, 0.1537
0.1148, 0.089, 0.1079, 0.1606, 0.1402, 0.1532
0.1152, 0.088, 0.1073, 0.1606, 0.145, 0.1575
3 : 0.005 : 0.0001
0.1154, 0.0882, 0.1062, 0.1585, 0.1416, 0.1536
0.1148, 0.089, 0.1079, 0.1606, 0.1402, 0.1532
0.1152, 0.088, 0.1073, 0.1608, 0.145, 0.1575
3 : 0.005 : 0.001
0.1154, 0.0884, 0.1059, 0.1583, 0.1416, 0.1538
0.1148, 0.0889, 0.1077, 0.1603, 0.1401, 0.153
0.1153, 0.0879, 0.1073, 0.1607, 0.145, 0.1574
3 : 0.005 : 0.01
0.1159, 0.0885, 0.1062, 0.159, 0.1423, 0.1542
0.1152, 0.0883, 0.1076, 0.159, 0.1399, 0.1521
0.1152, 0.088, 0.1074, 0.1602, 0.145, 0.1574
3 : 0.01 : 1e-05
0.1144, 0.0882, 0.1051, 0.1585, 0.141, 0.1537
0.1148, 0.0879, 0.1079, 0.1594, 0.1405, 0.1527
0.1165, 0.0885, 0.1085, 0.1615, 0.1457, 0.1577
3 : 0.01 : 0.0001
0.1144, 0.0882, 0.1051, 0.1585, 0.1409, 0.1537
0.1148, 0.088, 0.1079, 0.1594, 0.1405, 0.1527
0.1164, 0.0885, 0.1084, 0.1615, 0.1456, 0.1577
3 : 0.01 : 0.001
0.1141, 0.0881, 0.1049, 0.1582, 0.1412, 0.1539
0.1145, 0.0881, 0.1077, 0.1595, 0.14, 0.1526
0.116, 0.0883, 0.1081, 0.1612, 0.1452, 0.1574
3 : 0.01 : 0.01
0.1131, 0.0885, 0.1043, 0.1593, 0.1403, 0.1541
0.1137, 0.0881, 0.1066, 0.1592, 0.1391, 0.1523
0.1144, 0.0885, 0.106, 0.1614, 0.144, 0.1576
4 : 0.0001 : 1e-05
0.1095, 0.0851, 0.1007, 0.152, 0.1347, 0.1474
0.106, 0.085, 0.0969, 0.1527, 0.1308, 0.1459
0.111, 0.0854, 0.1033, 0.1556, 0.1352, 0.1483
4 : 0.0001 : 0.0001
0.1095, 0.0851, 0.1007, 0.152, 0.1347, 0.1474
0.106, 0.085, 0.0969, 0.1527, 0.1308, 0.1459
0.111, 0.0854, 0.1033, 0.1556, 0.1352, 0.1483
4 : 0.0001 : 0.001
0.1095, 0.0851, 0.1007, 0.152, 0.1347, 0.1474
0.106, 0.085, 0.0969, 0.1527, 0.1308, 0.1459
0.111, 0.0854, 0.1033, 0.1556, 0.1352, 0.1483
4 : 0.0001 : 0.01
0.1095, 0.0852, 0.1007, 0.152, 0.1348, 0.1475
0.106, 0.0851, 0.0969, 0.1528, 0.1308, 0.146
0.111, 0.0854, 0.1032, 0.1556, 0.1352, 0.1483
4 : 0.0005 : 1e-05
0.1133, 0.0877, 0.1043, 0.1578, 0.1395, 0.1524
0.1113, 0.0878, 0.1029, 0.1592, 0.1369, 0.1515
0.1135, 0.0883, 0.1059, 0.1606, 0.1409, 0.1548
4 : 0.0005 : 0.0001
0.1132, 0.0877, 0.1042, 0.1578, 0.1395, 0.1524
0.1113, 0.0878, 0.1029, 0.1592, 0.1369, 0.1515
0.1135, 0.0883, 0.1059, 0.1606, 0.1409, 0.1548
4 : 0.0005 : 0.001
0.1132, 0.0876, 0.1042, 0.1576, 0.1395, 0.1523
0.1113, 0.0878, 0.1029, 0.1592, 0.1369, 0.1515
0.1135, 0.0883, 0.1059, 0.1608, 0.1409, 0.1549
4 : 0.0005 : 0.01
0.113, 0.0876, 0.1041, 0.1577, 0.1393, 0.1523
0.1113, 0.0877, 0.1028, 0.1589, 0.1369, 0.1513
0.1137, 0.0885, 0.1062, 0.1609, 0.1411, 0.155
4 : 0.001 : 1e-05
0.1121, 0.0872, 0.1022, 0.1571, 0.1384, 0.1518
0.1114, 0.0878, 0.1038, 0.1583, 0.1372, 0.1514
0.1133, 0.0882, 0.1065, 0.1607, 0.1408, 0.1548
4 : 0.001 : 0.0001
0.1121, 0.0872, 0.1022, 0.1571, 0.1384, 0.1518
0.1114, 0.0878, 0.1038, 0.1583, 0.1372, 0.1514
0.1133, 0.0882, 0.1065, 0.1607, 0.1408, 0.1548
4 : 0.001 : 0.001
0.1121, 0.0872, 0.1022, 0.1571, 0.1384, 0.1517
0.1114, 0.0878, 0.1037, 0.1583, 0.1373, 0.1514
0.1133, 0.0882, 0.1065, 0.1607, 0.1408, 0.1548
4 : 0.001 : 0.01
0.112, 0.0871, 0.1023, 0.1571, 0.1383, 0.1516
0.1112, 0.088, 0.1036, 0.1583, 0.1372, 0.1515
0.1134, 0.0883, 0.1064, 0.1607, 0.1407, 0.1546
4 : 0.005 : 1e-05
0.112, 0.0874, 0.103, 0.1572, 0.1388, 0.1521
0.111, 0.0869, 0.1039, 0.1574, 0.1366, 0.1502
0.1147, 0.0881, 0.1068, 0.1598, 0.1422, 0.1547
4 : 0.005 : 0.0001
0.112, 0.0873, 0.103, 0.1571, 0.1388, 0.152
0.111, 0.0869, 0.1039, 0.1573, 0.1366, 0.1501
0.1147, 0.0881, 0.1068, 0.16, 0.1422, 0.1547
4 : 0.005 : 0.001
0.1121, 0.0874, 0.103, 0.1573, 0.1388, 0.152
0.1111, 0.0869, 0.104, 0.1573, 0.1367, 0.1502
0.1145, 0.088, 0.1066, 0.1599, 0.142, 0.1546
4 : 0.005 : 0.01
0.1123, 0.0877, 0.1034, 0.1578, 0.1391, 0.1525
0.1123, 0.0871, 0.1048, 0.1578, 0.1375, 0.1505
0.1142, 0.088, 0.1065, 0.1601, 0.1419, 0.1547
4 : 0.01 : 1e-05
0.1125, 0.0879, 0.1036, 0.1588, 0.1394, 0.153
0.1109, 0.0872, 0.1041, 0.1579, 0.1365, 0.1505
0.1144, 0.0881, 0.107, 0.1595, 0.1417, 0.1543
4 : 0.01 : 0.0001
0.1125, 0.0879, 0.1036, 0.1588, 0.1394, 0.153
0.1109, 0.0872, 0.1041, 0.1579, 0.1365, 0.1505
0.1144, 0.0881, 0.107, 0.1595, 0.1417, 0.1543
4 : 0.01 : 0.001
0.1124, 0.088, 0.1034, 0.1589, 0.1394, 0.1531
0.111, 0.0872, 0.1041, 0.158, 0.1365, 0.1505
0.1142, 0.0881, 0.1067, 0.1598, 0.1415, 0.1544
4 : 0.01 : 0.01
0.112, 0.0883, 0.1034, 0.1595, 0.1392, 0.1535