1 : 0.0001 : 1e-05
0.0548, 0.0428, 0.1115, 0.1607, 0.097, 0.1125
0.0507, 0.0415, 0.0921, 0.1451, 0.0842, 0.1008
0.0509, 0.0408, 0.0979, 0.1487, 0.0849, 0.1012


1 : 0.0001 : 0.0001
0.0548, 0.0428, 0.1115, 0.1607, 0.097, 0.1125
0.0507, 0.0415, 0.0921, 0.1451, 0.0842, 0.1008
0.0509, 0.0408, 0.0979, 0.1487, 0.0849, 0.1012


1 : 0.0001 : 0.001
0.0548, 0.0428, 0.1115, 0.1607, 0.097, 0.1125
0.0507, 0.0415, 0.0921, 0.1451, 0.0842, 0.1008
0.0509, 0.0408, 0.0979, 0.1487, 0.0849, 0.1012


1 : 0.0001 : 0.01
0.0548, 0.0429, 0.1115, 0.1611, 0.097, 0.1127
0.0507, 0.0415, 0.0921, 0.1451, 0.0842, 0.1008
0.0509, 0.0408, 0.0979, 0.1487, 0.0849, 0.1012


1 : 0.0005 : 1e-05
0.0589, 0.0451, 0.1218, 0.1756, 0.1055, 0.1221
0.0543, 0.0433, 0.1006, 0.1545, 0.0908, 0.1074
0.0536, 0.044, 0.1042, 0.161, 0.0905, 0.109


1 : 0.0005 : 0.0001
0.0589, 0.0451, 0.1218, 0.1756, 0.1055, 0.1221
0.0543, 0.0433, 0.1006, 0.1545, 0.0908, 0.1074
0.0536, 0.044, 0.1042, 0.161, 0.0905, 0.109


1 : 0.0005 : 0.001
0.0589, 0.0451, 0.1218, 0.1756, 0.1055, 0.1221
0.0543, 0.0433, 0.1006, 0.1545, 0.0908, 0.1074
0.0536, 0.044, 0.1042, 0.161, 0.0905, 0.109


1 : 0.0005 : 0.01
0.0588, 0.0451, 0.1217, 0.1756, 0.1054, 0.1222
0.0543, 0.0433, 0.1006, 0.1545, 0.0907, 0.1073
0.0537, 0.044, 0.1045, 0.161, 0.0907, 0.1091


1 : 0.001 : 1e-05
0.0596, 0.0448, 0.1229, 0.1742, 0.1068, 0.1226
0.0546, 0.0435, 0.103, 0.1571, 0.0915, 0.1081
0.0546, 0.0447, 0.1087, 0.1661, 0.0938, 0.1125


1 : 0.001 : 0.0001
0.0596, 0.0448, 0.1229, 0.1742, 0.1068, 0.1226
0.0546, 0.0435, 0.103, 0.1571, 0.0915, 0.1081
0.0546, 0.0447, 0.1087, 0.1661, 0.0938, 0.1125


1 : 0.001 : 0.001
0.0596, 0.0448, 0.1229, 0.1742, 0.1066, 0.1225
0.0546, 0.0435, 0.103, 0.1571, 0.0915, 0.108
0.0546, 0.0447, 0.1087, 0.1661, 0.0938, 0.1125


1 : 0.001 : 0.01
0.0597, 0.0448, 0.1231, 0.1741, 0.1068, 0.1225
0.0544, 0.0436, 0.1027, 0.1575, 0.0913, 0.1083
0.0547, 0.0447, 0.1093, 0.1661, 0.0942, 0.1128


1 : 0.005 : 1e-05
0.0582, 0.046, 0.1229, 0.1806, 0.1058, 0.1244
0.0533, 0.0441, 0.0992, 0.1596, 0.0899, 0.1091
0.0543, 0.0447, 0.1076, 0.1659, 0.094, 0.1133


1 : 0.005 : 0.0001
0.0582, 0.046, 0.1229, 0.1806, 0.1058, 0.1244
0.0533, 0.0441, 0.0992, 0.1596, 0.0899, 0.1091
0.0543, 0.0447, 0.1076, 0.1659, 0.094, 0.1133


1 : 0.005 : 0.001
0.0581, 0.0461, 0.1227, 0.1817, 0.1057, 0.1247
0.0533, 0.0441, 0.0992, 0.16, 0.0899, 0.1092
0.0544, 0.0447, 0.1077, 0.1661, 0.0944, 0.1136


1 : 0.005 : 0.01
0.0585, 0.0462, 0.1234, 0.1823, 0.1065, 0.1252
0.0525, 0.0441, 0.0977, 0.1603, 0.0892, 0.1093
0.054, 0.0444, 0.107, 0.1648, 0.0936, 0.1128


1 : 0.01 : 1e-05
0.0577, 0.0456, 0.1208, 0.1799, 0.1052, 0.1241
0.0528, 0.044, 0.099, 0.1601, 0.0898, 0.1093
0.0542, 0.0451, 0.1069, 0.1667, 0.0934, 0.1134


1 : 0.01 : 0.0001
0.0576, 0.0457, 0.1208, 0.1799, 0.1051, 0.1241
0.0528, 0.044, 0.099, 0.1601, 0.0898, 0.1093
0.0542, 0.0451, 0.1069, 0.1667, 0.0934, 0.1134


1 : 0.01 : 0.001
0.0578, 0.0458, 0.1216, 0.18, 0.1052, 0.1239
0.0529, 0.044, 0.0993, 0.1599, 0.09, 0.1093
0.0542, 0.045, 0.1069, 0.1661, 0.0937, 0.1133


1 : 0.01 : 0.01
0.0579, 0.0456, 0.1223, 0.1794, 0.1053, 0.1235
0.0527, 0.0438, 0.0985, 0.1593, 0.0894, 0.1088
0.0538, 0.045, 0.1065, 0.166, 0.093, 0.1129


2 : 0.0001 : 1e-05
0.0584, 0.0447, 0.1217, 0.1722, 0.1028, 0.1184
0.0521, 0.0435, 0.0958, 0.1584, 0.0885, 0.1081
0.0515, 0.0432, 0.0995, 0.1599, 0.0866, 0.1068


2 : 0.0001 : 0.0001
0.0584, 0.0447, 0.1217, 0.1722, 0.1028, 0.1184
0.0521, 0.0435, 0.0958, 0.1584, 0.0885, 0.1081
0.0515, 0.0432, 0.0995, 0.1599, 0.0866, 0.1068


2 : 0.0001 : 0.001
0.0584, 0.0447, 0.1217, 0.1722, 0.1028, 0.1184
0.0521, 0.0435, 0.0958, 0.1584, 0.0885, 0.1081
0.0515, 0.0432, 0.0995, 0.1599, 0.0866, 0.1068


2 : 0.0001 : 0.01
0.0585, 0.0447, 0.1217, 0.1724, 0.1029, 0.1185
0.0521, 0.0435, 0.0958, 0.1584, 0.0885, 0.1081
0.0515, 0.0433, 0.0995, 0.16, 0.0867, 0.1068


2 : 0.0005 : 1e-05
0.0588, 0.0458, 0.123, 0.1787, 0.1048, 0.1224
0.0528, 0.044, 0.1, 0.1592, 0.0899, 0.1086
0.0523, 0.0438, 0.1025, 0.1635, 0.0901, 0.1103


2 : 0.0005 : 0.0001
0.0588, 0.0458, 0.123, 0.1787, 0.1048, 0.1224
0.0528, 0.044, 0.1, 0.1592, 0.0899, 0.1086
0.0523, 0.0438, 0.1025, 0.1635, 0.0901, 0.1103


2 : 0.0005 : 0.001
0.0588, 0.0458, 0.123, 0.1787, 0.1048, 0.1224
0.0528, 0.044, 0.1, 0.1592, 0.0899, 0.1086
0.0523, 0.0438, 0.1025, 0.1635, 0.0901, 0.1103


2 : 0.0005 : 0.01
0.0589, 0.0458, 0.1231, 0.1782, 0.1045, 0.122
0.0526, 0.0441, 0.0994, 0.1598, 0.0896, 0.1088
0.0521, 0.044, 0.1025, 0.1637, 0.0901, 0.1105


2 : 0.001 : 1e-05
0.0587, 0.0462, 0.1237, 0.1792, 0.1047, 0.1225
0.0527, 0.0437, 0.0985, 0.1581, 0.0888, 0.1077
0.0525, 0.0438, 0.1026, 0.1619, 0.0904, 0.11


2 : 0.001 : 0.0001
0.0587, 0.0462, 0.1237, 0.1792, 0.1047, 0.1225
0.0527, 0.0437, 0.0985, 0.1581, 0.0888, 0.1077
0.0525, 0.0438, 0.1026, 0.1619, 0.0904, 0.11


2 : 0.001 : 0.001
0.0588, 0.0462, 0.1239, 0.1792, 0.1049, 0.1226
0.0527, 0.0437, 0.0985, 0.1581, 0.0889, 0.1077
0.0525, 0.0438, 0.1026, 0.1619, 0.0904, 0.11


2 : 0.001 : 0.01
0.0588, 0.0463, 0.1239, 0.179, 0.1048, 0.1225
0.0527, 0.0438, 0.0985, 0.1592, 0.0889, 0.1081
0.0524, 0.0438, 0.1026, 0.1621, 0.0902, 0.11


2 : 0.005 : 1e-05
0.0574, 0.046, 0.1207, 0.1766, 0.1032, 0.1216
0.0534, 0.0434, 0.1007, 0.1569, 0.09, 0.1076
0.0526, 0.0436, 0.1031, 0.1622, 0.0911, 0.1103


2 : 0.005 : 0.0001
0.0574, 0.046, 0.1207, 0.1766, 0.1031, 0.1215
0.0534, 0.0435, 0.1007, 0.1569, 0.0901, 0.1076
0.0526, 0.0436, 0.1031, 0.1622, 0.0911, 0.1103


2 : 0.005 : 0.001
0.0575, 0.046, 0.1207, 0.1766, 0.1031, 0.1214
0.0534, 0.0435, 0.1007, 0.1569, 0.0902, 0.1077
0.0526, 0.0436, 0.1031, 0.1622, 0.0911, 0.1102


2 : 0.005 : 0.01
0.0577, 0.0461, 0.1214, 0.1783, 0.1034, 0.1219
0.0536, 0.0438, 0.1003, 0.1601, 0.0902, 0.1088
0.052, 0.0435, 0.102, 0.1617, 0.0905, 0.11


2 : 0.01 : 1e-05
0.0575, 0.0459, 0.1186, 0.1767, 0.1022, 0.1209
0.0535, 0.0443, 0.1017, 0.159, 0.0902, 0.1084
0.0524, 0.0438, 0.1026, 0.1626, 0.091, 0.1105


2 : 0.01 : 0.0001
0.0575, 0.0459, 0.1186, 0.1767, 0.1022, 0.1209
0.0535, 0.0444, 0.1017, 0.1591, 0.0902, 0.1084
0.0523, 0.0438, 0.1024, 0.1626, 0.0909, 0.1105


2 : 0.01 : 0.001
0.0573, 0.0461, 0.1183, 0.1773, 0.1021, 0.1212
0.0537, 0.0442, 0.1023, 0.1588, 0.0904, 0.1082
0.0523, 0.0439, 0.1024, 0.163, 0.0908, 0.1106


2 : 0.01 : 0.01
0.0576, 0.0455, 0.1198, 0.1746, 0.1021, 0.1198
0.0533, 0.0441, 0.1009, 0.1594, 0.0899, 0.1085
0.0521, 0.0433, 0.1016, 0.1613, 0.0906, 0.11


3 : 0.0001 : 1e-05
0.0564, 0.0446, 0.1148, 0.1704, 0.0999, 0.1178
0.0508, 0.0431, 0.0954, 0.1544, 0.0867, 0.106
0.0511, 0.0433, 0.0996, 0.1586, 0.088, 0.1075


3 : 0.0001 : 0.0001
0.0564, 0.0446, 0.1148, 0.1704, 0.0999, 0.1178
0.0508, 0.0431, 0.0954, 0.1544, 0.0867, 0.106
0.0511, 0.0433, 0.0996, 0.1586, 0.088, 0.1075


3 : 0.0001 : 0.001
0.0564, 0.0446, 0.1148, 0.1704, 0.0999, 0.1178
0.0508, 0.0431, 0.0954, 0.1544, 0.0867, 0.106
0.0511, 0.0433, 0.0996, 0.1586, 0.088, 0.1075


3 : 0.0001 : 0.01
0.0564, 0.0446, 0.1148, 0.1704, 0.0999, 0.1178
0.0509, 0.0431, 0.0954, 0.1544, 0.0868, 0.106
0.0511, 0.0433, 0.0996, 0.1586, 0.088, 0.1075


3 : 0.0005 : 1e-05
0.0588, 0.0457, 0.1224, 0.1787, 0.1056, 0.1232
0.0538, 0.0437, 0.0998, 0.159, 0.0895, 0.1078
0.0537, 0.0439, 0.1081, 0.1634, 0.0934, 0.1114


3 : 0.0005 : 0.0001
0.0588, 0.0457, 0.1224, 0.1787, 0.1056, 0.1232
0.0538, 0.0437, 0.0998, 0.159, 0.0895, 0.1078
0.0537, 0.0439, 0.1081, 0.1634, 0.0934, 0.1114


3 : 0.0005 : 0.001
0.0588, 0.0457, 0.1224, 0.1787, 0.1056, 0.1232
0.0538, 0.0438, 0.0998, 0.1591, 0.0895, 0.1079
0.0537, 0.0438, 0.1081, 0.1632, 0.0934, 0.1114


3 : 0.0005 : 0.01
0.0586, 0.0457, 0.1213, 0.1788, 0.1051, 0.1231
0.0538, 0.0437, 0.0998, 0.1585, 0.0895, 0.1077
0.0537, 0.0437, 0.1081, 0.1632, 0.0933, 0.1112


3 : 0.001 : 1e-05
0.0595, 0.0464, 0.1251, 0.1825, 0.1069, 0.125
0.054, 0.0437, 0.101, 0.1589, 0.0898, 0.1078
0.0544, 0.0441, 0.1092, 0.1647, 0.0942, 0.1122


3 : 0.001 : 0.0001
0.0595, 0.0464, 0.1251, 0.1825, 0.1069, 0.125
0.0542, 0.0437, 0.101, 0.1589, 0.0898, 0.1078
0.0544, 0.0441, 0.1092, 0.1647, 0.0943, 0.1122


3 : 0.001 : 0.001
0.0596, 0.0464, 0.1251, 0.1825, 0.107, 0.1249
0.054, 0.0437, 0.101, 0.1589, 0.0897, 0.1078
0.0544, 0.0441, 0.1092, 0.1647, 0.0943, 0.1122


3 : 0.001 : 0.01
0.0595, 0.0464, 0.1251, 0.182, 0.1069, 0.1249
0.054, 0.0437, 0.1012, 0.1589, 0.0898, 0.1078
0.0546, 0.0442, 0.1095, 0.1648, 0.0943, 0.1122


3 : 0.005 : 1e-05
0.0586, 0.0461, 0.1233, 0.1811, 0.1063, 0.1247
0.053, 0.0435, 0.1004, 0.159, 0.0897, 0.1082
0.0545, 0.0446, 0.1099, 0.1654, 0.0952, 0.1136


3 : 0.005 : 0.0001
0.0586, 0.0461, 0.1233, 0.1811, 0.1063, 0.1247
0.053, 0.0435, 0.1004, 0.159, 0.0897, 0.1082
0.0545, 0.0446, 0.1099, 0.1654, 0.0952, 0.1136


3 : 0.005 : 0.001
0.0585, 0.0462, 0.1233, 0.1813, 0.1062, 0.1248
0.0531, 0.0435, 0.1005, 0.1588, 0.0897, 0.108
0.0546, 0.0447, 0.1099, 0.1656, 0.0953, 0.1137


3 : 0.005 : 0.01
0.0591, 0.0465, 0.1238, 0.1824, 0.1068, 0.1254
0.0537, 0.0435, 0.1009, 0.1595, 0.0899, 0.1081
0.0547, 0.0446, 0.1103, 0.1654, 0.0958, 0.114


3 : 0.01 : 1e-05
0.0584, 0.0466, 0.1227, 0.1823, 0.1061, 0.1253
0.0533, 0.0436, 0.1, 0.1582, 0.0897, 0.1082
0.0543, 0.0446, 0.109, 0.1653, 0.095, 0.1137


3 : 0.01 : 0.0001
0.0584, 0.0466, 0.1227, 0.1823, 0.1061, 0.1253
0.0534, 0.0436, 0.1001, 0.1582, 0.0897, 0.1081
0.0543, 0.0446, 0.109, 0.1653, 0.095, 0.1137


3 : 0.01 : 0.001
0.0584, 0.0466, 0.1227, 0.1826, 0.106, 0.1254
0.0534, 0.0436, 0.1001, 0.158, 0.0896, 0.108
0.0544, 0.0447, 0.1091, 0.1655, 0.0949, 0.1137


3 : 0.01 : 0.01
0.0582, 0.0464, 0.1225, 0.1792, 0.1058, 0.1243
0.0528, 0.043, 0.0989, 0.1577, 0.0889, 0.1075
0.0546, 0.0445, 0.1082, 0.1659, 0.0951, 0.1139


4 : 0.0001 : 1e-05
0.0566, 0.0446, 0.1156, 0.1751, 0.1003, 0.1189
0.0524, 0.0423, 0.1014, 0.154, 0.0898, 0.1065
0.0519, 0.0442, 0.0999, 0.1623, 0.0883, 0.1089


4 : 0.0001 : 0.0001
0.0566, 0.0446, 0.1156, 0.1751, 0.1003, 0.1189
0.0524, 0.0423, 0.1014, 0.154, 0.0898, 0.1065
0.0519, 0.0442, 0.0999, 0.1623, 0.0883, 0.1089


4 : 0.0001 : 0.001
0.0566, 0.0445, 0.1156, 0.1751, 0.1003, 0.1189
0.0524, 0.0423, 0.1014, 0.154, 0.0898, 0.1065
0.0519, 0.0442, 0.0999, 0.1623, 0.0883, 0.1089


4 : 0.0001 : 0.01
0.0566, 0.0445, 0.1156, 0.175, 0.1003, 0.1188
0.0525, 0.0423, 0.1016, 0.154, 0.0899, 0.1065
0.052, 0.0442, 0.1004, 0.1623, 0.0885, 0.1089


4 : 0.0005 : 1e-05
0.0593, 0.046, 0.1249, 0.1783, 0.1057, 0.1226
0.0536, 0.0438, 0.1024, 0.1595, 0.0909, 0.1088
0.0537, 0.0439, 0.1074, 0.1627, 0.093, 0.1113


4 : 0.0005 : 0.0001
0.0593, 0.046, 0.1249, 0.1783, 0.1057, 0.1226
0.0536, 0.0438, 0.1024, 0.1595, 0.0909, 0.1088
0.0537, 0.0439, 0.1074, 0.1627, 0.093, 0.1113


4 : 0.0005 : 0.001
0.0592, 0.046, 0.1248, 0.1783, 0.1056, 0.1227
0.0537, 0.0438, 0.1029, 0.1595, 0.0911, 0.1088
0.0537, 0.0439, 0.1074, 0.1627, 0.093, 0.1113


4 : 0.0005 : 0.01
0.0589, 0.0459, 0.1243, 0.1783, 0.1056, 0.1228
0.0536, 0.0438, 0.1029, 0.1595, 0.0911, 0.1088
0.0539, 0.0439, 0.1081, 0.1627, 0.0933, 0.1113


4 : 0.001 : 1e-05
0.0583, 0.0461, 0.124, 0.1789, 0.1051, 0.123
0.0535, 0.0436, 0.103, 0.159, 0.0909, 0.1085
0.0538, 0.0437, 0.1088, 0.1628, 0.0937, 0.1115


4 : 0.001 : 0.0001
0.0583, 0.0461, 0.124, 0.1789, 0.1051, 0.123
0.0535, 0.0436, 0.103, 0.159, 0.0909, 0.1085
0.0538, 0.0437, 0.1088, 0.1628, 0.0937, 0.1115


4 : 0.001 : 0.001
0.0583, 0.0461, 0.124, 0.1789, 0.1051, 0.1231
0.0535, 0.0436, 0.103, 0.159, 0.0911, 0.1087
0.0538, 0.0437, 0.1088, 0.1628, 0.0937, 0.1115


4 : 0.001 : 0.01
0.0581, 0.0462, 0.1236, 0.1797, 0.105, 0.1234
0.0534, 0.0437, 0.1027, 0.1593, 0.0911, 0.109
0.0537, 0.0438, 0.1088, 0.1633, 0.0937, 0.1117


4 : 0.005 : 1e-05
0.0577, 0.0457, 0.1222, 0.1763, 0.1041, 0.122
0.0552, 0.0436, 0.1064, 0.1579, 0.0924, 0.108
0.054, 0.0441, 0.1084, 0.1641, 0.0943, 0.1126


4 : 0.005 : 0.0001
0.0577, 0.0457, 0.1222, 0.1763, 0.1041, 0.122
0.0552, 0.0436, 0.1064, 0.1579, 0.0924, 0.108
0.054, 0.0441, 0.1084, 0.1641, 0.0943, 0.1126


4 : 0.005 : 0.001
0.0576, 0.0457, 0.1219, 0.1764, 0.104, 0.122
0.055, 0.0435, 0.1061, 0.1568, 0.0921, 0.1076
0.0543, 0.0441, 0.1085, 0.1638, 0.0947, 0.1128


4 : 0.005 : 0.01
0.0581, 0.0457, 0.1227, 0.1755, 0.1049, 0.1223
0.0544, 0.0436, 0.1049, 0.1573, 0.0912, 0.1076
0.0542, 0.0441, 0.1085, 0.1641, 0.0941, 0.1124


4 : 0.01 : 1e-05
0.0573, 0.0461, 0.1201, 0.1788, 0.1032, 0.1226
0.0548, 0.0433, 0.1063, 0.1573, 0.0921, 0.1077
0.0544, 0.0439, 0.1086, 0.1631, 0.0946, 0.1123


4 : 0.01 : 0.0001
0.0573, 0.0461, 0.1201, 0.1788, 0.1032, 0.1226
0.0548, 0.0434, 0.1063, 0.1573, 0.0921, 0.1078
0.0543, 0.0438, 0.1085, 0.1631, 0.0945, 0.1123


4 : 0.01 : 0.001
0.0575, 0.0461, 0.1202, 0.1788, 0.1034, 0.1226
0.0549, 0.0436, 0.1068, 0.1574, 0.0922, 0.1077
0.0543, 0.044, 0.108, 0.1644, 0.0944, 0.1127


4 : 0.01 : 0.01
0.0576, 0.0461, 0.1204, 0.1774, 0.1041, 0.1228
0.0544, 0.0433, 0.1062, 0.1577, 0.0915, 0.1076
0.0546, 0.0438, 0.1111, 0.1638, 0.0942, 0.1115


5 : 0.0001 : 1e-05
0.057, 0.0441, 0.1185, 0.1731, 0.1027, 0.1197
0.0523, 0.0423, 0.0975, 0.1537, 0.0892, 0.1068
0.0509, 0.0435, 0.0988, 0.1577, 0.0879, 0.1076


5 : 0.0001 : 0.0001
0.057, 0.0441, 0.1185, 0.1731, 0.1027, 0.1197
0.0523, 0.0423, 0.0975, 0.1537, 0.0892, 0.1068
0.0509, 0.0435, 0.0988, 0.1577, 0.0879, 0.1076


5 : 0.0001 : 0.001
0.057, 0.0441, 0.1185, 0.1731, 0.1027, 0.1197