1 : 0.0001 : 1e-05
0.0527, 0.044, 0.0871, 0.1443, 0.0854, 0.1032
0.052, 0.0425, 0.0824, 0.1337, 0.0814, 0.0971
0.0536, 0.0441, 0.0874, 0.1382, 0.0853, 0.1015


1 : 0.0001 : 0.0001
0.0527, 0.044, 0.0871, 0.1443, 0.0854, 0.1032
0.052, 0.0425, 0.0824, 0.1337, 0.0814, 0.0971
0.0536, 0.0441, 0.0874, 0.1382, 0.0853, 0.1015


1 : 0.0001 : 0.001
0.0527, 0.044, 0.0871, 0.1443, 0.0854, 0.1032
0.052, 0.0425, 0.0824, 0.1337, 0.0814, 0.0971
0.0536, 0.0441, 0.0874, 0.1382, 0.0853, 0.1015


1 : 0.0001 : 0.01
0.0527, 0.0441, 0.0871, 0.1444, 0.0854, 0.1032
0.0519, 0.0425, 0.0824, 0.1337, 0.0813, 0.0971
0.0536, 0.0441, 0.0874, 0.1382, 0.0854, 0.1015


1 : 0.0005 : 1e-05
0.0578, 0.0465, 0.099, 0.1544, 0.0942, 0.1112
0.0567, 0.0443, 0.0934, 0.1465, 0.0882, 0.104
0.059, 0.0487, 0.1018, 0.1595, 0.0973, 0.1158


1 : 0.0005 : 0.0001
0.0578, 0.0465, 0.099, 0.1544, 0.0943, 0.1113
0.0567, 0.0443, 0.0934, 0.1465, 0.0882, 0.104
0.059, 0.0487, 0.1018, 0.1595, 0.0973, 0.1158


1 : 0.0005 : 0.001
0.0578, 0.0465, 0.099, 0.1544, 0.0943, 0.1113
0.0567, 0.0443, 0.0934, 0.1465, 0.0882, 0.104
0.059, 0.0487, 0.1018, 0.1595, 0.0972, 0.1158


1 : 0.0005 : 0.01
0.0577, 0.0465, 0.0993, 0.1545, 0.0944, 0.1113
0.0568, 0.0443, 0.0935, 0.1465, 0.0884, 0.104
0.059, 0.0488, 0.1018, 0.1595, 0.0974, 0.1159


1 : 0.001 : 1e-05
0.0582, 0.0468, 0.1002, 0.158, 0.0954, 0.1129
0.0576, 0.0448, 0.0942, 0.1479, 0.0902, 0.1059
0.0604, 0.0488, 0.1043, 0.1604, 0.0992, 0.1169


1 : 0.001 : 0.0001
0.0582, 0.0468, 0.1002, 0.158, 0.0954, 0.1129
0.0575, 0.0448, 0.0941, 0.1479, 0.0901, 0.1059
0.0604, 0.0488, 0.1043, 0.1604, 0.0992, 0.1169


1 : 0.001 : 0.001
0.0582, 0.0469, 0.1002, 0.158, 0.0954, 0.113
0.0576, 0.0447, 0.0947, 0.1476, 0.0903, 0.1059
0.0604, 0.0488, 0.1043, 0.1604, 0.0992, 0.1169


1 : 0.001 : 0.01
0.0585, 0.047, 0.1005, 0.1582, 0.0957, 0.1131
0.0575, 0.0446, 0.0946, 0.1479, 0.0904, 0.106
0.0603, 0.049, 0.1043, 0.1608, 0.0992, 0.1172


1 : 0.005 : 1e-05
0.0592, 0.0474, 0.1024, 0.1587, 0.0955, 0.1128
0.0566, 0.0458, 0.0959, 0.152, 0.091, 0.1084
0.0587, 0.0489, 0.1032, 0.1619, 0.0996, 0.1189


1 : 0.005 : 0.0001
0.0592, 0.0474, 0.1024, 0.1587, 0.0955, 0.1128
0.0566, 0.0458, 0.0959, 0.152, 0.091, 0.1084
0.0587, 0.0489, 0.1032, 0.1614, 0.0996, 0.1187


1 : 0.005 : 0.001
0.0593, 0.0474, 0.1025, 0.1587, 0.0954, 0.1126
0.0565, 0.0458, 0.0956, 0.152, 0.0908, 0.1083
0.0587, 0.0489, 0.1032, 0.1611, 0.0995, 0.1186


1 : 0.005 : 0.01
0.0596, 0.0471, 0.1028, 0.1578, 0.0959, 0.1125
0.0568, 0.0454, 0.0958, 0.1502, 0.0912, 0.1079
0.0589, 0.0482, 0.1042, 0.159, 0.0998, 0.1177


1 : 0.01 : 1e-05
0.0587, 0.047, 0.1033, 0.1565, 0.0952, 0.1118
0.0555, 0.0458, 0.095, 0.1522, 0.0909, 0.109
0.0589, 0.0481, 0.1026, 0.1579, 0.0997, 0.1176


1 : 0.01 : 0.0001
0.0587, 0.047, 0.1033, 0.1565, 0.0953, 0.1118
0.0555, 0.0458, 0.095, 0.1522, 0.0909, 0.109
0.0589, 0.0481, 0.1026, 0.1576, 0.0997, 0.1175


1 : 0.01 : 0.001
0.0587, 0.0471, 0.1031, 0.1572, 0.0951, 0.112
0.0556, 0.046, 0.0952, 0.1528, 0.091, 0.1093
0.0589, 0.0479, 0.1025, 0.157, 0.0997, 0.1173


1 : 0.01 : 0.01
0.0596, 0.047, 0.1039, 0.1556, 0.0954, 0.1113
0.0559, 0.0456, 0.0951, 0.1498, 0.0907, 0.1081
0.0596, 0.0471, 0.1028, 0.1529, 0.1001, 0.1159


2 : 0.0001 : 1e-05
0.056, 0.0442, 0.0984, 0.1486, 0.0917, 0.1067
0.0537, 0.0448, 0.09, 0.1487, 0.0847, 0.1033
0.0583, 0.0461, 0.0965, 0.1506, 0.0936, 0.1099


2 : 0.0001 : 0.0001
0.056, 0.0442, 0.0984, 0.1486, 0.0917, 0.1067
0.0537, 0.0448, 0.09, 0.1487, 0.0847, 0.1033
0.0583, 0.0461, 0.0965, 0.1506, 0.0936, 0.1099


2 : 0.0001 : 0.001
0.056, 0.0442, 0.0984, 0.1486, 0.0917, 0.1067
0.0537, 0.0448, 0.09, 0.1487, 0.0847, 0.1033
0.0583, 0.0461, 0.0965, 0.1506, 0.0936, 0.1099


2 : 0.0001 : 0.01
0.056, 0.0442, 0.0984, 0.1486, 0.0917, 0.1067
0.0537, 0.0448, 0.09, 0.1487, 0.0847, 0.1033
0.0583, 0.0461, 0.0965, 0.1506, 0.0936, 0.11


2 : 0.0005 : 1e-05
0.0577, 0.0462, 0.0995, 0.1564, 0.0931, 0.1102
0.0564, 0.046, 0.0916, 0.1536, 0.0879, 0.1066
0.0589, 0.0472, 0.0994, 0.1527, 0.0965, 0.1133


2 : 0.0005 : 0.0001
0.0577, 0.0462, 0.0995, 0.1564, 0.0931, 0.1102
0.0564, 0.046, 0.0916, 0.1536, 0.0879, 0.1066
0.0589, 0.0472, 0.0994, 0.1527, 0.0965, 0.1133


2 : 0.0005 : 0.001
0.0576, 0.0462, 0.0993, 0.1564, 0.093, 0.1102
0.0564, 0.046, 0.0916, 0.1536, 0.0879, 0.1066
0.0589, 0.0472, 0.0994, 0.1527, 0.0965, 0.1133


2 : 0.0005 : 0.01
0.0576, 0.0463, 0.0993, 0.1565, 0.0929, 0.1102
0.0559, 0.046, 0.0913, 0.1542, 0.0875, 0.1067
0.0587, 0.0472, 0.0993, 0.1527, 0.0962, 0.1131


2 : 0.001 : 1e-05
0.057, 0.0456, 0.0982, 0.1522, 0.0925, 0.109
0.0564, 0.0455, 0.0922, 0.1508, 0.0883, 0.1059
0.0589, 0.0473, 0.0998, 0.1511, 0.0965, 0.1128


2 : 0.001 : 0.0001
0.057, 0.0456, 0.0982, 0.1522, 0.0925, 0.109
0.0564, 0.0455, 0.0922, 0.1508, 0.0883, 0.1059
0.0589, 0.0473, 0.0998, 0.1511, 0.0965, 0.1128


2 : 0.001 : 0.001
0.057, 0.0456, 0.0982, 0.1522, 0.0926, 0.1091
0.0564, 0.0455, 0.0922, 0.1508, 0.0882, 0.1059
0.0589, 0.0473, 0.0998, 0.1511, 0.0966, 0.1129


2 : 0.001 : 0.01
0.057, 0.0454, 0.0982, 0.1519, 0.0926, 0.1089
0.0562, 0.0458, 0.0922, 0.1517, 0.0882, 0.1064
0.0588, 0.0473, 0.0997, 0.1516, 0.0964, 0.113


2 : 0.005 : 1e-05
0.0571, 0.0459, 0.098, 0.1547, 0.0924, 0.1097
0.0559, 0.0455, 0.0909, 0.1482, 0.0881, 0.1056
0.058, 0.0475, 0.1008, 0.152, 0.0968, 0.1136


2 : 0.005 : 0.0001
0.0571, 0.0459, 0.098, 0.1547, 0.0924, 0.1097
0.0559, 0.0455, 0.0909, 0.1482, 0.0881, 0.1056
0.058, 0.0475, 0.1008, 0.152, 0.0968, 0.1136


2 : 0.005 : 0.001
0.0571, 0.0459, 0.098, 0.1547, 0.0924, 0.1097
0.0557, 0.0456, 0.0906, 0.1485, 0.0882, 0.106
0.058, 0.0475, 0.1007, 0.152, 0.0968, 0.1135


2 : 0.005 : 0.01
0.0574, 0.046, 0.0992, 0.154, 0.0924, 0.1092
0.0563, 0.046, 0.0908, 0.1502, 0.0885, 0.1067
0.0574, 0.0473, 0.0997, 0.1518, 0.0955, 0.1127


2 : 0.01 : 1e-05
0.0573, 0.046, 0.0973, 0.1551, 0.0915, 0.1091
0.0557, 0.0459, 0.0901, 0.1501, 0.088, 0.1064
0.0585, 0.0474, 0.1002, 0.1508, 0.0972, 0.1136


2 : 0.01 : 0.0001
0.0573, 0.0461, 0.0973, 0.1551, 0.0917, 0.1093
0.0557, 0.0459, 0.0901, 0.15, 0.088, 0.1064
0.0586, 0.0473, 0.1002, 0.1508, 0.0973, 0.1135


2 : 0.01 : 0.001
0.0576, 0.046, 0.0984, 0.1548, 0.0922, 0.1091
0.0557, 0.0459, 0.0898, 0.1502, 0.088, 0.1065
0.0589, 0.0473, 0.1009, 0.1502, 0.0974, 0.1132


2 : 0.01 : 0.01
0.0574, 0.0458, 0.0979, 0.1546, 0.0923, 0.1093
0.0559, 0.0459, 0.0906, 0.1514, 0.0888, 0.1073
0.0588, 0.0473, 0.1009, 0.1512, 0.0976, 0.1136


3 : 0.0001 : 1e-05
0.056, 0.045, 0.0948, 0.1516, 0.0902, 0.1074
0.0546, 0.0438, 0.092, 0.1437, 0.087, 0.1029
0.059, 0.0457, 0.0984, 0.1482, 0.0947, 0.1096


3 : 0.0001 : 0.0001
0.056, 0.045, 0.0948, 0.1516, 0.0902, 0.1074
0.0546, 0.0438, 0.092, 0.1437, 0.087, 0.1029
0.059, 0.0457, 0.0984, 0.1482, 0.0947, 0.1096


3 : 0.0001 : 0.001
0.056, 0.045, 0.0948, 0.1516, 0.0902, 0.1074
0.0546, 0.0438, 0.092, 0.1437, 0.087, 0.1029
0.059, 0.0457, 0.0984, 0.1482, 0.0947, 0.1096


3 : 0.0001 : 0.01
0.056, 0.045, 0.0948, 0.1516, 0.0902, 0.1073
0.0546, 0.0439, 0.092, 0.144, 0.087, 0.103
0.059, 0.0458, 0.0984, 0.1484, 0.0946, 0.1096


3 : 0.0005 : 1e-05
0.0579, 0.0471, 0.0995, 0.1581, 0.0942, 0.1123
0.0576, 0.0443, 0.0969, 0.1459, 0.0904, 0.1047
0.0602, 0.0479, 0.1026, 0.1573, 0.0985, 0.1154


3 : 0.0005 : 0.0001
0.0579, 0.0471, 0.0995, 0.1581, 0.0942, 0.1123
0.0576, 0.0443, 0.0969, 0.1459, 0.0904, 0.1047
0.0602, 0.0479, 0.1026, 0.1573, 0.0985, 0.1154


3 : 0.0005 : 0.001
0.0579, 0.0471, 0.0995, 0.1581, 0.0942, 0.1123
0.0576, 0.0444, 0.0969, 0.1459, 0.0904, 0.1048
0.0602, 0.0479, 0.1026, 0.1573, 0.0985, 0.1154


3 : 0.0005 : 0.01
0.0579, 0.0471, 0.0995, 0.1582, 0.0942, 0.1124
0.0576, 0.0443, 0.0969, 0.1457, 0.0905, 0.1048
0.06, 0.0479, 0.1024, 0.1574, 0.0984, 0.1155


3 : 0.001 : 1e-05
0.0586, 0.047, 0.1018, 0.1574, 0.0946, 0.1116
0.0569, 0.0445, 0.0953, 0.1449, 0.0904, 0.1053
0.0599, 0.0484, 0.1025, 0.1576, 0.0988, 0.1162


3 : 0.001 : 0.0001
0.0586, 0.047, 0.1018, 0.1574, 0.0946, 0.1116
0.0569, 0.0445, 0.0953, 0.1449, 0.0904, 0.1053
0.0599, 0.0484, 0.1025, 0.1576, 0.0988, 0.1162


3 : 0.001 : 0.001
0.0586, 0.047, 0.1018, 0.1574, 0.0946, 0.1116
0.0569, 0.0445, 0.0953, 0.1449, 0.0904, 0.1053
0.0599, 0.0484, 0.1025, 0.1571, 0.0988, 0.116


3 : 0.001 : 0.01
0.0583, 0.0472, 0.1012, 0.1585, 0.0944, 0.112
0.0568, 0.0448, 0.0954, 0.146, 0.0904, 0.1057
0.06, 0.0482, 0.1025, 0.1562, 0.0988, 0.1156


3 : 0.005 : 1e-05
0.0601, 0.0469, 0.1043, 0.1567, 0.0959, 0.1116
0.0564, 0.045, 0.0942, 0.1477, 0.0907, 0.1071
0.0589, 0.0477, 0.1022, 0.156, 0.0993, 0.1165


3 : 0.005 : 0.0001
0.0601, 0.0469, 0.1043, 0.1567, 0.0959, 0.1116
0.0564, 0.045, 0.0942, 0.1477, 0.0907, 0.1072
0.0589, 0.0477, 0.1022, 0.156, 0.0993, 0.1165


3 : 0.005 : 0.001
0.0602, 0.0469, 0.1048, 0.1568, 0.096, 0.1115
0.0564, 0.045, 0.0944, 0.1481, 0.0906, 0.1072
0.0589, 0.0477, 0.1022, 0.156, 0.0993, 0.1165


3 : 0.005 : 0.01
0.0594, 0.0465, 0.1042, 0.1557, 0.0956, 0.1111
0.0559, 0.0455, 0.0942, 0.1488, 0.0898, 0.1071
0.0593, 0.0475, 0.1031, 0.1552, 0.0998, 0.1163


3 : 0.01 : 1e-05
0.0601, 0.0468, 0.1051, 0.1565, 0.096, 0.1114
0.0563, 0.0452, 0.0938, 0.1502, 0.0904, 0.1077
0.0596, 0.0477, 0.1026, 0.1558, 0.0997, 0.1165


3 : 0.01 : 0.0001
0.0602, 0.0468, 0.1057, 0.1565, 0.0962, 0.1115
0.0563, 0.0452, 0.0938, 0.1502, 0.0903, 0.1077
0.0596, 0.0477, 0.1026, 0.1558, 0.0997, 0.1165


3 : 0.01 : 0.001
0.0602, 0.0467, 0.1057, 0.1563, 0.0963, 0.1114
0.0562, 0.0452, 0.0932, 0.15, 0.0902, 0.1076
0.0594, 0.0478, 0.1021, 0.156, 0.0995, 0.1167


3 : 0.01 : 0.01
0.0598, 0.0464, 0.1049, 0.1551, 0.0955, 0.1105
0.0558, 0.0454, 0.0939, 0.1492, 0.0898, 0.1072
0.0597, 0.047, 0.102, 0.1522, 0.0994, 0.1151


4 : 0.0001 : 1e-05
0.0558, 0.0449, 0.0964, 0.1534, 0.0905, 0.1076
0.0544, 0.044, 0.0924, 0.1486, 0.0855, 0.1029
0.0598, 0.0465, 0.1016, 0.1527, 0.0958, 0.1111


4 : 0.0001 : 0.0001
0.0558, 0.0449, 0.0964, 0.1534, 0.0905, 0.1076
0.0544, 0.044, 0.0924, 0.1486, 0.0855, 0.1029
0.0598, 0.0465, 0.1016, 0.1527, 0.0958, 0.1111


4 : 0.0001 : 0.001
0.0558, 0.0449, 0.0964, 0.1534, 0.0905, 0.1076
0.0544, 0.044, 0.0924, 0.1486, 0.0855, 0.1028
0.0598, 0.0465, 0.1016, 0.1527, 0.0958, 0.1111


4 : 0.0001 : 0.01
0.0558, 0.0449, 0.0964, 0.1536, 0.0905, 0.1077
0.0544, 0.044, 0.0924, 0.1486, 0.0855, 0.1029
0.0599, 0.0466, 0.1017, 0.1528, 0.0958, 0.1111


4 : 0.0005 : 1e-05
0.0577, 0.0459, 0.0987, 0.1575, 0.0923, 0.1099
0.0545, 0.0454, 0.0918, 0.1505, 0.0863, 0.1051
0.0597, 0.0477, 0.1032, 0.1542, 0.0984, 0.1143


4 : 0.0005 : 0.0001
0.0577, 0.0459, 0.0987, 0.1575, 0.0923, 0.1099
0.0545, 0.0454, 0.0918, 0.1505, 0.0863, 0.1051
0.0597, 0.0477, 0.1032, 0.1542, 0.0984, 0.1143


4 : 0.0005 : 0.001
0.0577, 0.0459, 0.0987, 0.1575, 0.0923, 0.1099
0.0545, 0.0454, 0.0918, 0.1505, 0.0863, 0.1051
0.0597, 0.0477, 0.1032, 0.1543, 0.0984, 0.1144


4 : 0.0005 : 0.01
0.0578, 0.0459, 0.0987, 0.1575, 0.0923, 0.1099
0.0546, 0.0455, 0.0923, 0.1514, 0.0865, 0.1054
0.0597, 0.0477, 0.1034, 0.1543, 0.0985, 0.1145


4 : 0.001 : 1e-05
0.0575, 0.046, 0.099, 0.1556, 0.0931, 0.1102
0.0563, 0.0454, 0.0959, 0.1509, 0.0891, 0.1061
0.0587, 0.0471, 0.1006, 0.1516, 0.0973, 0.1134


4 : 0.001 : 0.0001
0.0575, 0.046, 0.099, 0.1556, 0.0931, 0.1102
0.0563, 0.0454, 0.0959, 0.1509, 0.0891, 0.1061
0.0587, 0.0471, 0.1006, 0.1516, 0.0973, 0.1134


4 : 0.001 : 0.001
0.0575, 0.046, 0.099, 0.1556, 0.0931, 0.1102
0.0562, 0.0455, 0.0958, 0.1509, 0.0891, 0.1061
0.0586, 0.0471, 0.1004, 0.1516, 0.0972, 0.1134


4 : 0.001 : 0.01
0.0578, 0.0459, 0.0995, 0.1548, 0.0929, 0.1095
0.0563, 0.0455, 0.0955, 0.1512, 0.089, 0.1061
0.0585, 0.0471, 0.1007, 0.1524, 0.0973, 0.1137


4 : 0.005 : 1e-05
0.059, 0.0454, 0.1038, 0.1539, 0.0941, 0.1086
0.0559, 0.0452, 0.0938, 0.1459, 0.0891, 0.1054
0.058, 0.0472, 0.0995, 0.1534, 0.0969, 0.114


4 : 0.005 : 0.0001
0.059, 0.0454, 0.1038, 0.1539, 0.0941, 0.1086
0.056, 0.0452, 0.094, 0.1459, 0.0892, 0.1054
0.058, 0.0473, 0.0994, 0.1535, 0.0969, 0.1141


4 : 0.005 : 0.001
0.0589, 0.0454, 0.1037, 0.1538, 0.0939, 0.1085
0.0559, 0.0452, 0.094, 0.1461, 0.0891, 0.1055
0.0581, 0.0472, 0.0997, 0.1539, 0.0969, 0.114


4 : 0.005 : 0.01
0.0591, 0.0452, 0.1036, 0.1538, 0.0938, 0.1082
0.0563, 0.0456, 0.0944, 0.1484, 0.0897, 0.1067
0.0582, 0.047, 0.1002, 0.1523, 0.097, 0.1136


4 : 0.01 : 1e-05
0.0589, 0.0459, 0.1028, 0.1562, 0.0943, 0.1099
0.0564, 0.0455, 0.0939, 0.1481, 0.0899, 0.1066
0.0585, 0.0473, 0.1, 0.1536, 0.0973, 0.1142


4 : 0.01 : 0.0001
0.0589, 0.0459, 0.1028, 0.1562, 0.0943, 0.1099
0.0564, 0.0455, 0.0939, 0.1481, 0.0899, 0.1066
0.0585, 0.0474, 0.1, 0.1537, 0.0974, 0.1144


4 : 0.01 : 0.001
0.0586, 0.0458, 0.102, 0.156, 0.0938, 0.1098
0.0562, 0.0455, 0.0936, 0.1481, 0.0896, 0.1066
0.0585, 0.0474, 0.0999, 0.1534, 0.0971, 0.1141


4 : 0.01 : 0.01
0.0586, 0.0459, 0.1017, 0.1559, 0.0933, 0.1094
0.0564, 0.0454, 0.0932, 0.1481, 0.0899, 0.1068
0.0588, 0.0473, 0.1024, 0.1538, 0.0985, 0.1147


5 : 0.0001 : 1e-05
0.0566, 0.0459, 0.096, 0.1557, 0.0915, 0.1095
0.0546, 0.0442, 0.093, 0.1474, 0.0867, 0.1037
0.0593, 0.0463, 0.1014, 0.1514, 0.0949, 0.1101


5 : 0.0001 : 0.0001
0.0566, 0.0459, 0.096, 0.1557, 0.0915, 0.1095
0.0546, 0.0442, 0.093, 0.1474, 0.0867, 0.1037
0.0593, 0.0463, 0.1014, 0.1514, 0.0949, 0.1101


5 : 0.0001 : 0.001
0.0566, 0.0459, 0.096, 0.1557, 0.0915, 0.1095

