1 : 0.0001 : 1e-05
0.0556, 0.0436, 0.1076, 0.1619, 0.0955, 0.1124
0.0565, 0.0451, 0.1015, 0.1571, 0.0947, 0.1115
0.0536, 0.0412, 0.0976, 0.143, 0.0899, 0.1035


1 : 0.0001 : 0.0001
0.0556, 0.0436, 0.1076, 0.1619, 0.0955, 0.1124
0.0565, 0.0451, 0.1015, 0.1571, 0.0947, 0.1115
0.0536, 0.0412, 0.0976, 0.143, 0.0899, 0.1035


1 : 0.0001 : 0.001
0.0556, 0.0436, 0.1076, 0.1619, 0.0955, 0.1124
0.0565, 0.0452, 0.1015, 0.1572, 0.0947, 0.1116
0.0536, 0.0412, 0.0976, 0.143, 0.0899, 0.1035


1 : 0.0001 : 0.01
0.0555, 0.0436, 0.1075, 0.1619, 0.0955, 0.1124
0.0567, 0.0452, 0.1016, 0.1577, 0.0949, 0.1117
0.0537, 0.0412, 0.0977, 0.143, 0.09, 0.1035


1 : 0.0005 : 1e-05
0.0562, 0.0453, 0.1128, 0.17, 0.099, 0.1175
0.0601, 0.0477, 0.1139, 0.1716, 0.1027, 0.1205
0.0573, 0.0442, 0.1042, 0.1612, 0.0967, 0.1136


1 : 0.0005 : 0.0001
0.0562, 0.0453, 0.1128, 0.17, 0.099, 0.1175
0.0601, 0.0477, 0.1139, 0.1716, 0.1027, 0.1205
0.0573, 0.0442, 0.1042, 0.1612, 0.0967, 0.1136


1 : 0.0005 : 0.001
0.0562, 0.0453, 0.1128, 0.17, 0.099, 0.1175
0.0599, 0.0477, 0.1139, 0.1716, 0.1026, 0.1205
0.0573, 0.0442, 0.1042, 0.1612, 0.0967, 0.1136


1 : 0.0005 : 0.01
0.0563, 0.0452, 0.1128, 0.17, 0.0992, 0.1176
0.0599, 0.0477, 0.1139, 0.1716, 0.1026, 0.1205
0.0573, 0.0443, 0.1042, 0.1618, 0.0967, 0.1138


1 : 0.001 : 1e-05
0.0566, 0.0458, 0.1151, 0.1731, 0.1023, 0.1211
0.0615, 0.0478, 0.1165, 0.1725, 0.105, 0.1219
0.0575, 0.0457, 0.107, 0.1678, 0.0977, 0.1166


1 : 0.001 : 0.0001
0.0566, 0.0458, 0.1151, 0.1731, 0.1023, 0.1211
0.0615, 0.0478, 0.1165, 0.1725, 0.105, 0.1219
0.0575, 0.0457, 0.107, 0.1678, 0.0977, 0.1166


1 : 0.001 : 0.001
0.0566, 0.0458, 0.1151, 0.1731, 0.1023, 0.1211
0.0615, 0.0478, 0.1165, 0.1725, 0.105, 0.1219
0.0575, 0.0457, 0.107, 0.1678, 0.0977, 0.1166


1 : 0.001 : 0.01
0.0568, 0.0458, 0.1151, 0.1737, 0.1024, 0.1213
0.0614, 0.0477, 0.1171, 0.1724, 0.1051, 0.122
0.0574, 0.0457, 0.1063, 0.1684, 0.0976, 0.1169


1 : 0.005 : 1e-05
0.0579, 0.0456, 0.1154, 0.1719, 0.1036, 0.1216
0.0594, 0.0478, 0.1103, 0.1709, 0.1029, 0.1218
0.0576, 0.0453, 0.1073, 0.1658, 0.0977, 0.1159


1 : 0.005 : 0.0001
0.0579, 0.0456, 0.1154, 0.1719, 0.1036, 0.1216
0.0593, 0.0478, 0.1103, 0.1709, 0.1028, 0.1218
0.0575, 0.0453, 0.1073, 0.1658, 0.0975, 0.1159


1 : 0.005 : 0.001
0.0578, 0.0457, 0.1152, 0.1721, 0.1035, 0.1216
0.0593, 0.0478, 0.1101, 0.1708, 0.1027, 0.1216
0.0574, 0.0455, 0.1068, 0.1662, 0.0973, 0.116


1 : 0.005 : 0.01
0.0578, 0.0457, 0.1148, 0.1724, 0.1032, 0.1216
0.0586, 0.0477, 0.1105, 0.1707, 0.1022, 0.1214
0.0573, 0.0457, 0.107, 0.1672, 0.0974, 0.1165


1 : 0.01 : 1e-05
0.0581, 0.046, 0.1149, 0.1738, 0.1038, 0.1225
0.0594, 0.0477, 0.1098, 0.1716, 0.1021, 0.1212
0.0572, 0.0451, 0.1071, 0.1652, 0.0978, 0.116


1 : 0.01 : 0.0001
0.0581, 0.0459, 0.1149, 0.1737, 0.1038, 0.1225
0.0595, 0.0478, 0.1098, 0.1717, 0.1022, 0.1213
0.0572, 0.0451, 0.1071, 0.165, 0.0978, 0.1159


1 : 0.01 : 0.001
0.0581, 0.0459, 0.1148, 0.174, 0.1041, 0.1228
0.0594, 0.0477, 0.1098, 0.1722, 0.1022, 0.1214
0.0572, 0.0451, 0.1071, 0.1641, 0.0976, 0.1155


1 : 0.01 : 0.01
0.0583, 0.0456, 0.1147, 0.172, 0.1036, 0.1217
0.0599, 0.0477, 0.1123, 0.1727, 0.1032, 0.1218
0.0569, 0.0452, 0.1071, 0.1644, 0.0974, 0.1154


2 : 0.0001 : 1e-05
0.0567, 0.0451, 0.1112, 0.172, 0.0976, 0.1166
0.0558, 0.0465, 0.1038, 0.1654, 0.0963, 0.1159
0.0545, 0.0436, 0.1014, 0.1591, 0.0913, 0.1095


2 : 0.0001 : 0.0001
0.0567, 0.0451, 0.1112, 0.172, 0.0976, 0.1166
0.0558, 0.0465, 0.1038, 0.1654, 0.0963, 0.1159
0.0545, 0.0436, 0.1014, 0.1591, 0.0913, 0.1095


2 : 0.0001 : 0.001
0.0567, 0.0451, 0.1112, 0.172, 0.0976, 0.1166
0.0558, 0.0464, 0.1038, 0.1651, 0.0963, 0.1158
0.0545, 0.0436, 0.1014, 0.1591, 0.0913, 0.1095


2 : 0.0001 : 0.01
0.0567, 0.0451, 0.1112, 0.172, 0.0976, 0.1166
0.0558, 0.0464, 0.1038, 0.1651, 0.0963, 0.1158
0.0545, 0.0435, 0.1014, 0.159, 0.0912, 0.1094


2 : 0.0005 : 1e-05
0.0568, 0.0457, 0.1128, 0.1761, 0.1011, 0.1211
0.0567, 0.0469, 0.1054, 0.168, 0.0981, 0.1177
0.0568, 0.044, 0.1042, 0.1596, 0.0951, 0.1119


2 : 0.0005 : 0.0001
0.0568, 0.0457, 0.1128, 0.1761, 0.1011, 0.1211
0.0567, 0.0469, 0.1054, 0.168, 0.0981, 0.1177
0.0568, 0.044, 0.1042, 0.1596, 0.0951, 0.1119


2 : 0.0005 : 0.001
0.0568, 0.0458, 0.1128, 0.1767, 0.1011, 0.1213
0.0567, 0.0469, 0.1054, 0.168, 0.0981, 0.1177
0.0568, 0.044, 0.1042, 0.1596, 0.0951, 0.1119


2 : 0.0005 : 0.01
0.0568, 0.0459, 0.1128, 0.1767, 0.1011, 0.1213
0.0567, 0.047, 0.1052, 0.1683, 0.098, 0.1178
0.0568, 0.0441, 0.1042, 0.1602, 0.095, 0.1121


2 : 0.001 : 1e-05
0.0565, 0.0459, 0.1132, 0.1752, 0.1009, 0.1208
0.0565, 0.0466, 0.1055, 0.1654, 0.0979, 0.1169
0.0572, 0.0446, 0.1048, 0.1634, 0.0961, 0.1137


2 : 0.001 : 0.0001
0.0565, 0.0459, 0.1132, 0.1752, 0.1009, 0.1208
0.0565, 0.0466, 0.1055, 0.1654, 0.0979, 0.1169
0.0572, 0.0446, 0.1048, 0.1634, 0.0961, 0.1137


2 : 0.001 : 0.001
0.0565, 0.0459, 0.1132, 0.1752, 0.1009, 0.1208
0.0566, 0.0466, 0.1056, 0.1654, 0.098, 0.1169
0.0572, 0.0447, 0.1048, 0.1635, 0.0961, 0.1138


2 : 0.001 : 0.01
0.0565, 0.0458, 0.1132, 0.1752, 0.101, 0.1208
0.0567, 0.0466, 0.1056, 0.1659, 0.098, 0.117
0.0572, 0.0448, 0.1053, 0.1631, 0.0962, 0.1137


2 : 0.005 : 1e-05
0.0565, 0.0452, 0.1138, 0.174, 0.1024, 0.1216
0.0574, 0.0465, 0.1068, 0.164, 0.0987, 0.1166
0.056, 0.0446, 0.1026, 0.1601, 0.0956, 0.1134


2 : 0.005 : 0.0001
0.0565, 0.0453, 0.1138, 0.1741, 0.1024, 0.1216
0.0574, 0.0465, 0.1068, 0.164, 0.0987, 0.1166
0.056, 0.0446, 0.1026, 0.1601, 0.0956, 0.1134


2 : 0.005 : 0.001
0.0566, 0.0453, 0.1143, 0.1741, 0.1026, 0.1217
0.0573, 0.0467, 0.1067, 0.1641, 0.0987, 0.1167
0.056, 0.0445, 0.1025, 0.1594, 0.0957, 0.1132


2 : 0.005 : 0.01
0.0566, 0.0451, 0.1143, 0.1729, 0.1021, 0.1207
0.0574, 0.0464, 0.1067, 0.1635, 0.0987, 0.1163
0.056, 0.0446, 0.1022, 0.1591, 0.0958, 0.1132


2 : 0.01 : 1e-05
0.0567, 0.0452, 0.1146, 0.1744, 0.1024, 0.1213
0.0575, 0.0467, 0.1061, 0.1648, 0.0987, 0.1168
0.0555, 0.0444, 0.1015, 0.1592, 0.0942, 0.1121


2 : 0.01 : 0.0001
0.0567, 0.0452, 0.1146, 0.1742, 0.1024, 0.1212
0.0575, 0.0467, 0.1061, 0.1648, 0.0987, 0.1168
0.0555, 0.0445, 0.1015, 0.1595, 0.0942, 0.1122


2 : 0.01 : 0.001
0.0567, 0.0451, 0.1146, 0.1743, 0.1021, 0.121
0.0573, 0.0467, 0.1055, 0.1652, 0.0985, 0.117
0.0556, 0.0444, 0.1015, 0.159, 0.0943, 0.112


2 : 0.01 : 0.01
0.0569, 0.0456, 0.1143, 0.1744, 0.1021, 0.1211
0.0567, 0.0467, 0.1053, 0.1646, 0.0988, 0.1173
0.0559, 0.044, 0.1019, 0.1561, 0.0944, 0.1109


3 : 0.0001 : 1e-05
0.0568, 0.044, 0.1109, 0.1647, 0.0987, 0.1153
0.0572, 0.0462, 0.1072, 0.1632, 0.0993, 0.1169
0.0552, 0.0436, 0.101, 0.1583, 0.0921, 0.1097


3 : 0.0001 : 0.0001
0.0568, 0.044, 0.1109, 0.1647, 0.0987, 0.1153
0.0572, 0.0462, 0.1072, 0.1632, 0.0993, 0.1169
0.0552, 0.0436, 0.101, 0.1583, 0.0921, 0.1097


3 : 0.0001 : 0.001
0.0568, 0.044, 0.1109, 0.1647, 0.0987, 0.1153
0.0572, 0.0462, 0.1072, 0.1632, 0.0993, 0.1169
0.0552, 0.0436, 0.101, 0.1585, 0.0921, 0.1098


3 : 0.0001 : 0.01
0.0568, 0.044, 0.1109, 0.1647, 0.0988, 0.1153
0.0572, 0.0462, 0.1072, 0.1632, 0.0993, 0.1169
0.0552, 0.0436, 0.101, 0.1585, 0.0922, 0.1099


3 : 0.0005 : 1e-05
0.0574, 0.0462, 0.1147, 0.177, 0.1013, 0.1212
0.0598, 0.0481, 0.1138, 0.1718, 0.104, 0.1223
0.0559, 0.0453, 0.1022, 0.1649, 0.0961, 0.1162


3 : 0.0005 : 0.0001
0.0574, 0.0462, 0.1147, 0.177, 0.1013, 0.1212
0.0598, 0.0481, 0.1138, 0.1718, 0.104, 0.1223
0.0559, 0.0453, 0.1022, 0.1649, 0.0961, 0.1162


3 : 0.0005 : 0.001
0.0574, 0.0461, 0.1147, 0.1767, 0.1013, 0.1211
0.0598, 0.0481, 0.1138, 0.1717, 0.104, 0.1223
0.0559, 0.0453, 0.1022, 0.1649, 0.0961, 0.1161


3 : 0.0005 : 0.01
0.0573, 0.0461, 0.1142, 0.1767, 0.1009, 0.1209
0.0598, 0.0481, 0.1138, 0.1722, 0.1037, 0.1222
0.0559, 0.0452, 0.1022, 0.1649, 0.0961, 0.1161


3 : 0.001 : 1e-05
0.0582, 0.0461, 0.1156, 0.1746, 0.1023, 0.1213
0.0609, 0.0484, 0.1152, 0.1713, 0.1052, 0.1227
0.057, 0.0453, 0.1058, 0.1646, 0.0975, 0.1162


3 : 0.001 : 0.0001
0.0582, 0.0461, 0.1156, 0.1746, 0.1023, 0.1213
0.0609, 0.0484, 0.1152, 0.1713, 0.1052, 0.1227
0.057, 0.0453, 0.1058, 0.1646, 0.0975, 0.1162


3 : 0.001 : 0.001
0.0582, 0.0461, 0.1156, 0.1746, 0.1023, 0.1213
0.0608, 0.0484, 0.115, 0.1713, 0.1051, 0.1227
0.057, 0.0453, 0.1058, 0.1646, 0.0975, 0.1162


3 : 0.001 : 0.01
0.0579, 0.0461, 0.1155, 0.175, 0.1018, 0.1209
0.0609, 0.0485, 0.1151, 0.1714, 0.1052, 0.1227
0.0568, 0.0453, 0.105, 0.1643, 0.0969, 0.1158


3 : 0.005 : 1e-05
0.0586, 0.0457, 0.1171, 0.1724, 0.1044, 0.1219
0.0614, 0.0484, 0.1141, 0.171, 0.1049, 0.1221
0.0566, 0.0452, 0.1047, 0.1642, 0.0972, 0.1159


3 : 0.005 : 0.0001
0.0586, 0.0457, 0.1171, 0.1724, 0.1044, 0.1219
0.0613, 0.0484, 0.1141, 0.1713, 0.1048, 0.1221
0.0566, 0.0452, 0.1047, 0.1642, 0.0972, 0.1159


3 : 0.005 : 0.001
0.0586, 0.0457, 0.1172, 0.1723, 0.1043, 0.1217
0.0613, 0.0484, 0.1141, 0.1714, 0.1047, 0.1221
0.0568, 0.0452, 0.1056, 0.1642, 0.0976, 0.116


3 : 0.005 : 0.01
0.0584, 0.0455, 0.1165, 0.1721, 0.104, 0.1216
0.0616, 0.0482, 0.1156, 0.1709, 0.1056, 0.1222
0.0565, 0.0451, 0.1046, 0.1647, 0.0967, 0.1156


3 : 0.01 : 1e-05
0.0582, 0.0458, 0.1163, 0.1738, 0.1042, 0.1225
0.0611, 0.0477, 0.1139, 0.1697, 0.1045, 0.1212
0.0567, 0.0452, 0.1038, 0.1631, 0.0972, 0.1158


3 : 0.01 : 0.0001
0.0584, 0.0458, 0.1164, 0.1738, 0.1042, 0.1223
0.0612, 0.0477, 0.1145, 0.1697, 0.1047, 0.1212
0.0566, 0.0452, 0.1036, 0.1631, 0.097, 0.1158


3 : 0.01 : 0.001
0.0586, 0.0456, 0.117, 0.1734, 0.1042, 0.1218
0.0612, 0.0478, 0.1142, 0.1701, 0.1047, 0.1213
0.0565, 0.0453, 0.1035, 0.1633, 0.0971, 0.1161


3 : 0.01 : 0.01
0.0583, 0.0456, 0.1166, 0.1736, 0.1039, 0.1218
0.0601, 0.0478, 0.1121, 0.1704, 0.1035, 0.1213
0.055, 0.0452, 0.1024, 0.163, 0.096, 0.1159


4 : 0.0001 : 1e-05
0.0556, 0.045, 0.1102, 0.1709, 0.0976, 0.1168
0.0577, 0.0465, 0.1109, 0.164, 0.1002, 0.1171
0.0553, 0.0436, 0.1008, 0.1592, 0.0902, 0.1084


4 : 0.0001 : 0.0001
0.0556, 0.045, 0.1102, 0.1709, 0.0976, 0.1168
0.0577, 0.0465, 0.1109, 0.164, 0.1002, 0.1171
0.0553, 0.0436, 0.1008, 0.1592, 0.0902, 0.1084


4 : 0.0001 : 0.001
0.0556, 0.045, 0.1102, 0.1709, 0.0976, 0.1168
0.0577, 0.0465, 0.1109, 0.164, 0.1002, 0.1171
0.0553, 0.0436, 0.1008, 0.1592, 0.0902, 0.1084


4 : 0.0001 : 0.01
0.0556, 0.045, 0.1102, 0.1709, 0.0976, 0.1168
0.0576, 0.0465, 0.1104, 0.164, 0.0998, 0.1169
0.0553, 0.0436, 0.1008, 0.1592, 0.0902, 0.1084


4 : 0.0005 : 1e-05
0.0575, 0.0452, 0.117, 0.173, 0.102, 0.1196
0.0583, 0.0464, 0.1111, 0.1631, 0.1003, 0.1165
0.0582, 0.0447, 0.1084, 0.1614, 0.0983, 0.1143


4 : 0.0005 : 0.0001
0.0575, 0.0452, 0.117, 0.173, 0.102, 0.1196
0.0583, 0.0464, 0.1111, 0.1631, 0.1003, 0.1165
0.0582, 0.0447, 0.1084, 0.1614, 0.0983, 0.1143


4 : 0.0005 : 0.001
0.0575, 0.0452, 0.1171, 0.173, 0.102, 0.1196
0.0583, 0.0464, 0.1111, 0.1632, 0.1003, 0.1165
0.0582, 0.0447, 0.1084, 0.1614, 0.0983, 0.1143


4 : 0.0005 : 0.01
0.0575, 0.0452, 0.1171, 0.1725, 0.1019, 0.1195
0.0583, 0.0465, 0.1111, 0.1633, 0.1002, 0.1165
0.0582, 0.0447, 0.1089, 0.1619, 0.0984, 0.1144


4 : 0.001 : 1e-05
0.0568, 0.0457, 0.1157, 0.1736, 0.1015, 0.1203
0.0584, 0.0464, 0.1103, 0.1653, 0.1005, 0.1173
0.0568, 0.0443, 0.105, 0.1583, 0.0962, 0.1129


4 : 0.001 : 0.0001
0.0568, 0.0457, 0.1157, 0.1736, 0.1015, 0.1203
0.0584, 0.0464, 0.1103, 0.1653, 0.1005, 0.1173
0.0568, 0.0443, 0.105, 0.1583, 0.0962, 0.1129


4 : 0.001 : 0.001
0.0568, 0.0458, 0.1157, 0.1742, 0.1015, 0.1205
0.0585, 0.0464, 0.1105, 0.1653, 0.1006, 0.1173
0.0568, 0.0443, 0.105, 0.1583, 0.0962, 0.1129


4 : 0.001 : 0.01
0.057, 0.0457, 0.116, 0.1741, 0.102, 0.1206
0.0586, 0.0464, 0.1105, 0.1657, 0.1005, 0.1173
0.0568, 0.0443, 0.105, 0.1583, 0.0961, 0.1128


4 : 0.005 : 1e-05
0.0577, 0.0447, 0.1149, 0.172, 0.1021, 0.1197
0.0578, 0.0468, 0.1086, 0.166, 0.1006, 0.1186
0.0563, 0.0445, 0.1046, 0.159, 0.097, 0.1141


4 : 0.005 : 0.0001
0.0577, 0.0447, 0.1149, 0.172, 0.1021, 0.1197
0.0577, 0.0468, 0.1086, 0.166, 0.1003, 0.1184
0.0563, 0.0445, 0.1046, 0.159, 0.097, 0.1141


4 : 0.005 : 0.001