1 : 0.0001 : 1e-05
0.0533, 0.0425, 0.0893, 0.1403, 0.0859, 0.1014
0.0564, 0.042, 0.0941, 0.1342, 0.0893, 0.1003
0.0545, 0.0452, 0.0983, 0.1585, 0.0887, 0.1082


1 : 0.0001 : 0.0001
0.0533, 0.0425, 0.0893, 0.1403, 0.0859, 0.1014
0.0564, 0.042, 0.0941, 0.1342, 0.0893, 0.1003
0.0545, 0.0452, 0.0983, 0.1585, 0.0887, 0.1082


1 : 0.0001 : 0.001
0.0533, 0.0425, 0.0893, 0.1403, 0.0859, 0.1014
0.0564, 0.042, 0.0941, 0.1342, 0.0893, 0.1003
0.0545, 0.0452, 0.0983, 0.1585, 0.0887, 0.1082


1 : 0.0001 : 0.01
0.0533, 0.0426, 0.0893, 0.1404, 0.0858, 0.1014
0.0564, 0.042, 0.0941, 0.1342, 0.0893, 0.1002
0.0544, 0.0452, 0.0983, 0.1584, 0.0887, 0.1081


1 : 0.0005 : 1e-05
0.0558, 0.0463, 0.0977, 0.1581, 0.0902, 0.1096
0.0589, 0.0447, 0.1029, 0.1512, 0.0937, 0.1076
0.0577, 0.0464, 0.1063, 0.1644, 0.0952, 0.1139


1 : 0.0005 : 0.0001
0.0558, 0.0463, 0.0977, 0.1581, 0.0902, 0.1096
0.0589, 0.0447, 0.1029, 0.1512, 0.0937, 0.1076
0.0577, 0.0463, 0.1063, 0.1643, 0.0952, 0.1138


1 : 0.0005 : 0.001
0.0558, 0.0462, 0.0977, 0.158, 0.0902, 0.1096
0.0589, 0.0447, 0.1029, 0.1512, 0.0937, 0.1076
0.0577, 0.0463, 0.1063, 0.1643, 0.0952, 0.1138


1 : 0.0005 : 0.01
0.0558, 0.0462, 0.0977, 0.158, 0.0903, 0.1096
0.0588, 0.0446, 0.1029, 0.1506, 0.0936, 0.1074
0.0579, 0.0463, 0.1066, 0.1643, 0.0954, 0.1139


1 : 0.001 : 1e-05
0.0555, 0.0473, 0.0969, 0.1586, 0.0904, 0.1109
0.0582, 0.045, 0.1025, 0.1513, 0.0935, 0.1081
0.0598, 0.0467, 0.1103, 0.1633, 0.0972, 0.1137


1 : 0.001 : 0.0001
0.0555, 0.0473, 0.0969, 0.1586, 0.0904, 0.1109
0.0583, 0.045, 0.1028, 0.1513, 0.0936, 0.1081
0.0598, 0.0467, 0.1103, 0.1633, 0.0972, 0.1137


1 : 0.001 : 0.001
0.0555, 0.0473, 0.0969, 0.1586, 0.0904, 0.1109
0.0583, 0.045, 0.1028, 0.1514, 0.0936, 0.1081
0.0598, 0.0466, 0.1103, 0.1633, 0.0972, 0.1137


1 : 0.001 : 0.01
0.0554, 0.0472, 0.0968, 0.1583, 0.0903, 0.1108
0.0585, 0.045, 0.1028, 0.1509, 0.0937, 0.108
0.0597, 0.0467, 0.1103, 0.164, 0.0971, 0.1139


1 : 0.005 : 1e-05
0.0552, 0.047, 0.0969, 0.1582, 0.0915, 0.1118
0.0585, 0.046, 0.1023, 0.1546, 0.096, 0.1121
0.0603, 0.0471, 0.1132, 0.1641, 0.0978, 0.114


1 : 0.005 : 0.0001
0.0552, 0.047, 0.0969, 0.1582, 0.0915, 0.1118
0.0585, 0.046, 0.1023, 0.1546, 0.096, 0.1121
0.0603, 0.0471, 0.1132, 0.1641, 0.0978, 0.114


1 : 0.005 : 0.001
0.0553, 0.0472, 0.097, 0.1594, 0.0915, 0.1122
0.0585, 0.0459, 0.1028, 0.154, 0.096, 0.1118
0.0604, 0.047, 0.1134, 0.164, 0.0979, 0.1139


1 : 0.005 : 0.01
0.0557, 0.0467, 0.0978, 0.1576, 0.0921, 0.1117
0.0587, 0.0461, 0.1022, 0.1539, 0.0958, 0.1118
0.0602, 0.0466, 0.1121, 0.1627, 0.0974, 0.1134


1 : 0.01 : 1e-05
0.0564, 0.0472, 0.0992, 0.1602, 0.0928, 0.1125
0.0592, 0.0464, 0.1038, 0.1548, 0.0966, 0.1123
0.0591, 0.0471, 0.1115, 0.1666, 0.0974, 0.1152


1 : 0.01 : 0.0001
0.0564, 0.0472, 0.0992, 0.1602, 0.0928, 0.1125
0.0592, 0.0464, 0.1038, 0.155, 0.0966, 0.1123
0.0591, 0.0471, 0.1115, 0.1666, 0.0974, 0.1152


1 : 0.01 : 0.001
0.0565, 0.0473, 0.0993, 0.1608, 0.0928, 0.1126
0.0591, 0.0464, 0.1033, 0.1549, 0.0964, 0.1123
0.0593, 0.0471, 0.1121, 0.1671, 0.0975, 0.1152


1 : 0.01 : 0.01
0.0566, 0.047, 0.0995, 0.1594, 0.0933, 0.1124
0.0589, 0.0463, 0.1029, 0.1549, 0.0963, 0.1123
0.06, 0.0469, 0.1124, 0.1657, 0.0977, 0.1146


2 : 0.0001 : 1e-05
0.0537, 0.0446, 0.0934, 0.1521, 0.0871, 0.1061
0.0548, 0.0433, 0.0914, 0.144, 0.0873, 0.1031
0.0564, 0.0453, 0.1033, 0.1594, 0.0919, 0.1099


2 : 0.0001 : 0.0001
0.0537, 0.0446, 0.0934, 0.1521, 0.0871, 0.1061
0.0548, 0.0433, 0.0914, 0.144, 0.0873, 0.1031
0.0564, 0.0453, 0.1033, 0.1594, 0.0919, 0.1099


2 : 0.0001 : 0.001
0.0537, 0.0447, 0.0934, 0.1522, 0.0871, 0.1062
0.0548, 0.0433, 0.0914, 0.144, 0.0873, 0.1031
0.0564, 0.0453, 0.1033, 0.1594, 0.0919, 0.1099


2 : 0.0001 : 0.01
0.0539, 0.0446, 0.0934, 0.1521, 0.0871, 0.106
0.0548, 0.0433, 0.0914, 0.144, 0.0873, 0.1031
0.0564, 0.0453, 0.1033, 0.1594, 0.0919, 0.1099


2 : 0.0005 : 1e-05
0.0537, 0.0461, 0.0934, 0.1568, 0.0876, 0.1084
0.0579, 0.0439, 0.0964, 0.1471, 0.092, 0.1064
0.057, 0.0464, 0.1067, 0.1635, 0.0906, 0.1088


2 : 0.0005 : 0.0001
0.0537, 0.0461, 0.0934, 0.1568, 0.0876, 0.1084
0.0579, 0.0439, 0.0964, 0.1471, 0.092, 0.1064
0.057, 0.0464, 0.1067, 0.1635, 0.0906, 0.1088


2 : 0.0005 : 0.001
0.0537, 0.0461, 0.0934, 0.1568, 0.0876, 0.1084
0.0579, 0.0439, 0.0964, 0.1471, 0.092, 0.1064
0.057, 0.0464, 0.1067, 0.1635, 0.0906, 0.1088


2 : 0.0005 : 0.01
0.0537, 0.046, 0.0934, 0.1566, 0.0876, 0.1083
0.0578, 0.044, 0.0964, 0.1471, 0.092, 0.1064
0.057, 0.0464, 0.1067, 0.1632, 0.0906, 0.1086


2 : 0.001 : 1e-05
0.0533, 0.0456, 0.0915, 0.1554, 0.0868, 0.1077
0.0579, 0.0443, 0.0977, 0.1467, 0.093, 0.1072
0.0575, 0.0464, 0.1073, 0.1623, 0.0912, 0.1088


2 : 0.001 : 0.0001
0.0533, 0.0456, 0.0915, 0.1554, 0.0868, 0.1077
0.0579, 0.0443, 0.0977, 0.1467, 0.093, 0.1072
0.0575, 0.0464, 0.1073, 0.1623, 0.0912, 0.1088


2 : 0.001 : 0.001
0.0533, 0.0456, 0.0915, 0.1554, 0.0868, 0.1077
0.0579, 0.0443, 0.0977, 0.1467, 0.093, 0.1072
0.0574, 0.0464, 0.1071, 0.1623, 0.0911, 0.1088


2 : 0.001 : 0.01
0.0533, 0.0456, 0.0914, 0.1554, 0.0867, 0.1077
0.0578, 0.0443, 0.0977, 0.1472, 0.093, 0.1074
0.0571, 0.0464, 0.1064, 0.1626, 0.0908, 0.1089


2 : 0.005 : 1e-05
0.0534, 0.046, 0.0906, 0.1568, 0.0864, 0.1078
0.0569, 0.0446, 0.0962, 0.1483, 0.0922, 0.108
0.0575, 0.0462, 0.1077, 0.1617, 0.0926, 0.1096


2 : 0.005 : 0.0001
0.0534, 0.046, 0.0906, 0.1568, 0.0864, 0.1077
0.0569, 0.0446, 0.0962, 0.1483, 0.0922, 0.108
0.0575, 0.0461, 0.1077, 0.1617, 0.0925, 0.1095


2 : 0.005 : 0.001
0.0533, 0.0459, 0.0899, 0.1567, 0.0862, 0.1077
0.057, 0.0446, 0.0963, 0.1484, 0.0923, 0.1081
0.0574, 0.0461, 0.1077, 0.1622, 0.0924, 0.1096


2 : 0.005 : 0.01
0.0537, 0.0461, 0.0902, 0.1575, 0.0868, 0.1083
0.0565, 0.0443, 0.0955, 0.1483, 0.0917, 0.1077
0.0568, 0.046, 0.1065, 0.1611, 0.0918, 0.1093


2 : 0.01 : 1e-05
0.0535, 0.0463, 0.091, 0.1576, 0.0867, 0.108
0.057, 0.0442, 0.0967, 0.1478, 0.0921, 0.1073
0.0571, 0.0457, 0.1072, 0.1593, 0.0927, 0.1091


2 : 0.01 : 0.0001
0.0535, 0.0464, 0.091, 0.1583, 0.0867, 0.1083
0.057, 0.0443, 0.0967, 0.1483, 0.0921, 0.1075
0.057, 0.0456, 0.1067, 0.1593, 0.0925, 0.109


2 : 0.01 : 0.001
0.0535, 0.0462, 0.091, 0.1577, 0.0868, 0.1081
0.0568, 0.0443, 0.0962, 0.1483, 0.0919, 0.1075
0.0571, 0.0456, 0.1068, 0.159, 0.0923, 0.1087


2 : 0.01 : 0.01
0.0542, 0.046, 0.0921, 0.1572, 0.0877, 0.1083
0.0569, 0.044, 0.0966, 0.1474, 0.092, 0.1072
0.0574, 0.0458, 0.1074, 0.1586, 0.0924, 0.1087


3 : 0.0001 : 1e-05
0.0541, 0.0449, 0.0967, 0.1519, 0.0885, 0.1067
0.0563, 0.0438, 0.0952, 0.1473, 0.091, 0.1064
0.0564, 0.0453, 0.1041, 0.1595, 0.0922, 0.11


3 : 0.0001 : 0.0001
0.0541, 0.0449, 0.0967, 0.1519, 0.0885, 0.1067
0.0563, 0.0438, 0.0952, 0.1473, 0.091, 0.1064
0.0564, 0.0453, 0.1041, 0.1595, 0.0922, 0.11


3 : 0.0001 : 0.001
0.0541, 0.0449, 0.0967, 0.1519, 0.0885, 0.1067
0.0563, 0.0438, 0.0952, 0.1473, 0.091, 0.1064
0.0564, 0.0453, 0.1041, 0.1595, 0.0922, 0.11


3 : 0.0001 : 0.01
0.0541, 0.0449, 0.0967, 0.1517, 0.0886, 0.1066
0.0562, 0.0439, 0.0951, 0.1475, 0.0908, 0.1065
0.0564, 0.0453, 0.1041, 0.1595, 0.0922, 0.11


3 : 0.0005 : 1e-05
0.0552, 0.0461, 0.098, 0.156, 0.0907, 0.1097
0.0593, 0.0454, 0.1012, 0.1544, 0.0949, 0.1104
0.0592, 0.0463, 0.11, 0.1629, 0.0962, 0.1127


3 : 0.0005 : 0.0001
0.0552, 0.0461, 0.098, 0.156, 0.0907, 0.1097
0.0593, 0.0454, 0.1012, 0.1544, 0.0949, 0.1104
0.0592, 0.0463, 0.11, 0.1629, 0.0962, 0.1127


3 : 0.0005 : 0.001
0.0552, 0.0461, 0.098, 0.156, 0.0907, 0.1097
0.0593, 0.0455, 0.1012, 0.1545, 0.0949, 0.1105
0.0592, 0.0463, 0.11, 0.1627, 0.0963, 0.1126


3 : 0.0005 : 0.01
0.0553, 0.0461, 0.0983, 0.1559, 0.0908, 0.1097
0.0594, 0.0454, 0.1013, 0.1543, 0.0949, 0.1103
0.0591, 0.0463, 0.1095, 0.1628, 0.096, 0.1126


3 : 0.001 : 1e-05
0.0545, 0.0467, 0.0973, 0.1579, 0.0905, 0.1106
0.0597, 0.0455, 0.1034, 0.1533, 0.0959, 0.1104
0.0593, 0.0464, 0.1095, 0.1621, 0.096, 0.1125


3 : 0.001 : 0.0001
0.0545, 0.0467, 0.0973, 0.1579, 0.0905, 0.1106
0.0597, 0.0455, 0.1034, 0.1533, 0.0959, 0.1104
0.0593, 0.0464, 0.1095, 0.1621, 0.096, 0.1125


3 : 0.001 : 0.001
0.0544, 0.0467, 0.0967, 0.1579, 0.0902, 0.1106
0.0596, 0.0455, 0.1033, 0.1533, 0.0958, 0.1104
0.0593, 0.0465, 0.1095, 0.1622, 0.096, 0.1126


3 : 0.001 : 0.01
0.0546, 0.0466, 0.0969, 0.1578, 0.0903, 0.1105
0.0592, 0.0455, 0.1031, 0.1533, 0.0956, 0.1103
0.0594, 0.0464, 0.1097, 0.1618, 0.0962, 0.1126


3 : 0.005 : 1e-05
0.055, 0.0467, 0.0964, 0.1584, 0.0909, 0.1113
0.0588, 0.0459, 0.1031, 0.1529, 0.0963, 0.1115
0.059, 0.0466, 0.1097, 0.1621, 0.0962, 0.113


3 : 0.005 : 0.0001
0.055, 0.0467, 0.0964, 0.1584, 0.0909, 0.1113
0.0588, 0.0459, 0.1031, 0.1529, 0.0963, 0.1115
0.059, 0.0465, 0.1097, 0.1618, 0.0962, 0.1129


3 : 0.005 : 0.001
0.0548, 0.0467, 0.0959, 0.1584, 0.0908, 0.1113
0.0588, 0.0458, 0.1031, 0.1523, 0.096, 0.1111
0.0592, 0.0467, 0.11, 0.1619, 0.0964, 0.113


3 : 0.005 : 0.01
0.0551, 0.0469, 0.0956, 0.1594, 0.0909, 0.1119
0.0585, 0.0461, 0.1015, 0.1513, 0.0948, 0.1104
0.0586, 0.0467, 0.1092, 0.1631, 0.0959, 0.1133


3 : 0.01 : 1e-05
0.055, 0.0474, 0.0959, 0.1616, 0.0915, 0.1131
0.0581, 0.046, 0.1014, 0.1522, 0.0951, 0.1111
0.0587, 0.0464, 0.1095, 0.1626, 0.0961, 0.113


3 : 0.01 : 0.0001
0.055, 0.0473, 0.0959, 0.1614, 0.0915, 0.113
0.0581, 0.046, 0.1014, 0.1522, 0.0951, 0.1111
0.0588, 0.0464, 0.1095, 0.1625, 0.0961, 0.113


3 : 0.01 : 0.001
0.0548, 0.0473, 0.0953, 0.1615, 0.0913, 0.1131
0.058, 0.0459, 0.1011, 0.1524, 0.0952, 0.1113
0.0588, 0.0464, 0.1096, 0.1623, 0.0964, 0.1132


3 : 0.01 : 0.01
0.0556, 0.0476, 0.0952, 0.1632, 0.092, 0.114
0.0577, 0.0463, 0.1007, 0.1527, 0.0951, 0.1116
0.0582, 0.0464, 0.1099, 0.1617, 0.0967, 0.1134


4 : 0.0001 : 1e-05
0.0532, 0.0459, 0.0947, 0.1586, 0.0883, 0.1095
0.057, 0.0442, 0.0973, 0.1445, 0.0917, 0.1058
0.058, 0.0452, 0.107, 0.1571, 0.0929, 0.1088


4 : 0.0001 : 0.0001
0.0532, 0.0459, 0.0947, 0.1586, 0.0883, 0.1095
0.057, 0.0442, 0.0973, 0.1445, 0.0918, 0.1058
0.058, 0.0452, 0.107, 0.1571, 0.0929, 0.1088


4 : 0.0001 : 0.001
0.0532, 0.0459, 0.0947, 0.1586, 0.0883, 0.1095
0.057, 0.0442, 0.0973, 0.1445, 0.0918, 0.1058
0.058, 0.0452, 0.107, 0.157, 0.0929, 0.1087


4 : 0.0001 : 0.01
0.0533, 0.0458, 0.0947, 0.1577, 0.0884, 0.1092
0.057, 0.0442, 0.0973, 0.1445, 0.0918, 0.1058
0.058, 0.0451, 0.107, 0.1569, 0.0929, 0.1087


4 : 0.0005 : 1e-05
0.0529, 0.0468, 0.0941, 0.1607, 0.0895, 0.1118
0.0565, 0.0446, 0.0961, 0.1496, 0.0923, 0.1086
0.0571, 0.0459, 0.1059, 0.1572, 0.0921, 0.1087


4 : 0.0005 : 0.0001
0.0529, 0.0468, 0.0941, 0.1607, 0.0895, 0.1118
0.0565, 0.0446, 0.0961, 0.1496, 0.0923, 0.1086
0.0571, 0.0459, 0.1059, 0.1572, 0.0921, 0.1087


4 : 0.0005 : 0.001
0.0529, 0.0468, 0.0941, 0.1607, 0.0895, 0.1118
0.0565, 0.0446, 0.0961, 0.1496, 0.0923, 0.1086
0.0571, 0.0459, 0.1059, 0.1572, 0.0921, 0.1087


4 : 0.0005 : 0.01
0.0529, 0.0469, 0.0938, 0.1607, 0.0891, 0.1116
0.0566, 0.0447, 0.0961, 0.1497, 0.0923, 0.1086
0.0573, 0.0459, 0.1061, 0.1574, 0.0924, 0.1089


4 : 0.001 : 1e-05
0.0539, 0.0467, 0.0957, 0.1598, 0.0897, 0.111
0.0565, 0.0446, 0.0958, 0.1493, 0.0925, 0.1088
0.0566, 0.046, 0.1038, 0.1606, 0.0912, 0.1095


4 : 0.001 : 0.0001
0.0539, 0.0467, 0.0957, 0.1598, 0.0897, 0.111
0.0565, 0.0446, 0.0958, 0.1493, 0.0925, 0.1088
0.0566, 0.046, 0.1038, 0.1606, 0.0912, 0.1095


4 : 0.001 : 0.001
0.054, 0.0468, 0.096, 0.1599, 0.0898, 0.1111
0.0565, 0.0446, 0.0958, 0.1493, 0.0924, 0.1088
0.0566, 0.046, 0.1038, 0.1608, 0.0912, 0.1096


4 : 0.001 : 0.01
0.0543, 0.0467, 0.0969, 0.1597, 0.0902, 0.1111
0.0565, 0.0445, 0.0959, 0.1493, 0.0924, 0.1087
0.0568, 0.046, 0.1042, 0.1609, 0.0914, 0.1096


4 : 0.005 : 1e-05
0.055, 0.0464, 0.0969, 0.1583, 0.0911, 0.1111
0.0566, 0.0448, 0.0962, 0.1505, 0.0927, 0.1093
0.0573, 0.0459, 0.1065, 0.1604, 0.0927, 0.1098


4 : 0.005 : 0.0001
0.055, 0.0464, 0.0969, 0.1583, 0.0911, 0.1111
0.0566, 0.0448, 0.0962, 0.1505, 0.0927, 0.1093
0.0573, 0.0459, 0.1065, 0.1604, 0.0927, 0.1098


4 : 0.005 : 0.001
0.0551, 0.0464, 0.097, 0.158, 0.0912, 0.1109
0.0567, 0.0448, 0.0963, 0.1506, 0.0927, 0.1093
0.0574, 0.0461, 0.1067, 0.1606, 0.0929, 0.1099


4 : 0.005 : 0.01
0.0545, 0.0465, 0.0974, 0.1594, 0.0907, 0.111
0.0566, 0.0448, 0.0965, 0.1505, 0.0929, 0.1095
0.0567, 0.0458, 0.105, 0.1597, 0.0923, 0.1098


4 : 0.01 : 1e-05
0.0548, 0.0463, 0.0969, 0.158, 0.0912, 0.1108
0.0569, 0.0448, 0.0972, 0.1506, 0.0936, 0.1099
0.0563, 0.0459, 0.105, 0.159, 0.0924, 0.1099


4 : 0.01 : 0.0001
0.0548, 0.0463, 0.0969, 0.158, 0.0912, 0.1108
0.0569, 0.0448, 0.0972, 0.1506, 0.0936, 0.1099
0.0563, 0.0459, 0.105, 0.1592, 0.0924, 0.11


4 : 0.01 : 0.001
0.0547, 0.0461, 0.0964, 0.1574, 0.091, 0.1106
0.057, 0.0449, 0.0978, 0.1508, 0.094, 0.1102
0.0562, 0.0461, 0.1048, 0.1604, 0.0921, 0.1102


4 : 0.01 : 0.01
0.0551, 0.0464, 0.0963, 0.1581, 0.0918, 0.1115
0.0574, 0.0446, 0.0983, 0.149, 0.0941, 0.1094
0.0569, 0.0456, 0.1061, 0.1586, 0.0936, 0.1103


5 : 0.0001 : 1e-05
0.0532, 0.0456, 0.096, 0.1565, 0.0893, 0.1095
0.056, 0.0444, 0.0964, 0.1484, 0.0916, 0.1076
0.0578, 0.0449, 0.1064, 0.1573, 0.093, 0.1089


5 : 0.0001 : 0.0001
0.0532, 0.0456, 0.096, 0.1565, 0.0893, 0.1095
0.056, 0.0444, 0.0964, 0.1484, 0.0916, 0.1076
0.0578, 0.0449, 0.1064, 0.1573, 0.093, 0.1089


5 : 0.0001 : 0.001
0.0532, 0.0456, 0.096, 0.1565, 0.0893, 0.1095

